1900.00  -0.0072171   0.0476692
1900.05  -0.0072562   0.0478741
1900.10  -0.0072964   0.0480792
1900.15  -0.0073375   0.0482847
1900.20  -0.0073795   0.0484904
1900.25  -0.0074226   0.0486965
1900.30  -0.0074667   0.0489029
1900.35  -0.0075118   0.0491095
1900.40  -0.0075578   0.0493164
1900.45  -0.0076049   0.0495235
1900.50  -0.0076530   0.0497309
1900.55  -0.0077022   0.0499385
1900.60  -0.0077524   0.0501463
1900.65  -0.0078036   0.0503543
1900.70  -0.0078558   0.0505626
1900.75  -0.0079091   0.0507710
1900.80  -0.0079635   0.0509796
1900.85  -0.0080189   0.0511884
1900.90  -0.0080753   0.0513973
1900.95  -0.0081328   0.0516064
1901.00  -0.0081914   0.0518156
1901.05  -0.0082511   0.0520249
1901.10  -0.0083119   0.0522344
1901.15  -0.0083737   0.0524439
1901.20  -0.0084366   0.0526536
1901.25  -0.0085005   0.0528633
1901.30  -0.0085656   0.0530732
1901.35  -0.0086317   0.0532831
1901.40  -0.0086990   0.0534930
1901.45  -0.0087673   0.0537030
1901.50  -0.0088367   0.0539131
1901.55  -0.0089072   0.0541232
1901.60  -0.0089788   0.0543333
1901.65  -0.0090514   0.0545434
1901.70  -0.0091252   0.0547535
1901.75  -0.0092000   0.0549637
1901.80  -0.0092759   0.0551738
1901.85  -0.0093529   0.0553839
1901.90  -0.0094309   0.0555940
1901.95  -0.0095100   0.0558041
1902.00  -0.0095902   0.0560141
1902.05  -0.0096715   0.0562241
1902.10  -0.0097538   0.0564340
1902.15  -0.0098372   0.0566439
1902.20  -0.0099216   0.0568537
1902.25  -0.0100070   0.0570635
1902.30  -0.0100935   0.0572732
1902.35  -0.0101810   0.0574828
1902.40  -0.0102696   0.0576924
1902.45  -0.0103591   0.0579018
1902.50  -0.0104496   0.0581112
1902.55  -0.0105412   0.0583205
1902.60  -0.0106337   0.0585298
1902.65  -0.0107271   0.0587389
1902.70  -0.0108216   0.0589479
1902.75  -0.0109169   0.0591568
1902.80  -0.0110133   0.0593657
1902.85  -0.0111105   0.0595745
1902.90  -0.0112086   0.0597831
1902.95  -0.0113077   0.0599917
1903.00  -0.0114076   0.0602002
1903.05  -0.0115084   0.0604085
1903.10  -0.0116100   0.0606168
1903.15  -0.0117124   0.0608251
1903.20  -0.0118157   0.0610332
1903.25  -0.0119198   0.0612413
1903.30  -0.0120246   0.0614492
1903.35  -0.0121302   0.0616572
1903.40  -0.0122365   0.0618650
1903.45  -0.0123436   0.0620728
1903.50  -0.0124513   0.0622805
1903.55  -0.0125597   0.0624882
1903.60  -0.0126688   0.0626959
1903.65  -0.0127785   0.0629035
1903.70  -0.0128888   0.0631111
1903.75  -0.0129997   0.0633187
1903.80  -0.0131111   0.0635263
1903.85  -0.0132231   0.0637339
1903.90  -0.0133356   0.0639415
1903.95  -0.0134485   0.0641492
1904.00  -0.0135619   0.0643569
1904.05  -0.0136758   0.0645646
1904.10  -0.0137900   0.0647724
1904.15  -0.0139046   0.0649803
1904.20  -0.0140195   0.0651883
1904.25  -0.0141348   0.0653963
1904.30  -0.0142503   0.0656045
1904.35  -0.0143661   0.0658129
1904.40  -0.0144821   0.0660213
1904.45  -0.0145983   0.0662300
1904.50  -0.0147146   0.0664388
1904.55  -0.0148310   0.0666478
1904.60  -0.0149476   0.0668570
1904.65  -0.0150642   0.0670665
1904.70  -0.0151808   0.0672762
1904.75  -0.0152974   0.0674862
1904.80  -0.0154139   0.0676964
1904.85  -0.0155303   0.0679070
1904.90  -0.0156467   0.0681179
1904.95  -0.0157629   0.0683291
1905.00  -0.0158788   0.0685407
1905.05  -0.0159946   0.0687526
1905.10  -0.0161101   0.0689650
1905.15  -0.0162252   0.0691778
1905.20  -0.0163401   0.0693910
1905.25  -0.0164545   0.0696046
1905.30  -0.0165686   0.0698188
1905.35  -0.0166822   0.0700334
1905.40  -0.0167953   0.0702485
1905.45  -0.0169078   0.0704642
1905.50  -0.0170198   0.0706804
1905.55  -0.0171312   0.0708972
1905.60  -0.0172420   0.0711146
1905.65  -0.0173520   0.0713326
1905.70  -0.0174614   0.0715513
1905.75  -0.0175700   0.0717706
1905.80  -0.0176778   0.0719905
1905.85  -0.0177847   0.0722111
1905.90  -0.0178908   0.0724325
1905.95  -0.0179959   0.0726545
1906.00  -0.0181002   0.0728773
1906.05  -0.0182034   0.0731009
1906.10  -0.0183056   0.0733252
1906.15  -0.0184067   0.0735503
1906.20  -0.0185068   0.0737762
1906.25  -0.0186057   0.0740029
1906.30  -0.0187034   0.0742304
1906.35  -0.0188000   0.0744588
1906.40  -0.0188953   0.0746880
1906.45  -0.0189893   0.0749181
1906.50  -0.0190820   0.0751490
1906.55  -0.0191734   0.0753808
1906.60  -0.0192633   0.0756136
1906.65  -0.0193519   0.0758472
1906.70  -0.0194390   0.0760817
1906.75  -0.0195247   0.0763171
1906.80  -0.0196088   0.0765534
1906.85  -0.0196914   0.0767907
1906.90  -0.0197725   0.0770289
1906.95  -0.0198519   0.0772680
1907.00  -0.0199297   0.0775080
1907.05  -0.0200059   0.0777489
1907.10  -0.0200804   0.0779908
1907.15  -0.0201531   0.0782335
1907.20  -0.0202241   0.0784772
1907.25  -0.0202934   0.0787218
1907.30  -0.0203609   0.0789673
1907.35  -0.0204265   0.0792136
1907.40  -0.0204904   0.0794609
1907.45  -0.0205523   0.0797090
1907.50  -0.0206124   0.0799580
1907.55  -0.0206706   0.0802078
1907.60  -0.0207269   0.0804584
1907.65  -0.0207813   0.0807098
1907.70  -0.0208337   0.0809620
1907.75  -0.0208841   0.0812150
1907.80  -0.0209325   0.0814688
1907.85  -0.0209789   0.0817232
1907.90  -0.0210233   0.0819784
1907.95  -0.0210657   0.0822342
1908.00  -0.0211061   0.0824907
1908.05  -0.0211443   0.0827478
1908.10  -0.0211806   0.0830055
1908.15  -0.0212147   0.0832638
1908.20  -0.0212467   0.0835226
1908.25  -0.0212767   0.0837818
1908.30  -0.0213046   0.0840415
1908.35  -0.0213303   0.0843017
1908.40  -0.0213540   0.0845622
1908.45  -0.0213755   0.0848230
1908.50  -0.0213949   0.0850841
1908.55  -0.0214122   0.0853455
1908.60  -0.0214273   0.0856071
1908.65  -0.0214404   0.0858689
1908.70  -0.0214513   0.0861307
1908.75  -0.0214601   0.0863927
1908.80  -0.0214667   0.0866546
1908.85  -0.0214713   0.0869165
1908.90  -0.0214737   0.0871784
1908.95  -0.0214740   0.0874400
1909.00  -0.0214722   0.0877015
1909.05  -0.0214684   0.0879628
1909.10  -0.0214624   0.0882237
1909.15  -0.0214543   0.0884843
1909.20  -0.0214442   0.0887445
1909.25  -0.0214320   0.0890041
1909.30  -0.0214177   0.0892633
1909.35  -0.0214014   0.0895218
1909.40  -0.0213830   0.0897797
1909.45  -0.0213626   0.0900368
1909.50  -0.0213402   0.0902932
1909.55  -0.0213158   0.0905487
1909.60  -0.0212895   0.0908034
1909.65  -0.0212611   0.0910570
1909.70  -0.0212308   0.0913096
1909.75  -0.0211985   0.0915611
1909.80  -0.0211644   0.0918114
1909.85  -0.0211283   0.0920605
1909.90  -0.0210903   0.0923083
1909.95  -0.0210504   0.0925547
1910.00  -0.0210087   0.0927997
1910.05  -0.0209651   0.0930431
1910.10  -0.0209197   0.0932851
1910.15  -0.0208725   0.0935253
1910.20  -0.0208236   0.0937639
1910.25  -0.0207728   0.0940008
1910.30  -0.0207203   0.0942358
1910.35  -0.0206661   0.0944689
1910.40  -0.0206102   0.0947001
1910.45  -0.0205526   0.0949292
1910.50  -0.0204934   0.0951563
1910.55  -0.0204325   0.0953813
1910.60  -0.0203699   0.0956040
1910.65  -0.0203058   0.0958245
1910.70  -0.0202401   0.0960426
1910.75  -0.0201728   0.0962584
1910.80  -0.0201041   0.0964718
1910.85  -0.0200337   0.0966826
1910.90  -0.0199619   0.0968909
1910.95  -0.0198887   0.0970966
1911.00  -0.0198139   0.0972996
1911.05  -0.0197378   0.0975000
1911.10  -0.0196602   0.0976975
1911.15  -0.0195813   0.0978923
1911.20  -0.0195010   0.0980842
1911.25  -0.0194194   0.0982732
1911.30  -0.0193364   0.0984593
1911.35  -0.0192521   0.0986423
1911.40  -0.0191666   0.0988224
1911.45  -0.0190798   0.0989993
1911.50  -0.0189918   0.0991732
1911.55  -0.0189025   0.0993439
1911.60  -0.0188121   0.0995114
1911.65  -0.0187204   0.0996757
1911.70  -0.0186277   0.0998368
1911.75  -0.0185338   0.0999946
1911.80  -0.0184387   0.1001491
1911.85  -0.0183426   0.1003002
1911.90  -0.0182454   0.1004480
1911.95  -0.0181471   0.1005925
1912.00  -0.0180478   0.1007335
1912.05  -0.0179474   0.1008711
1912.10  -0.0178461   0.1010054
1912.15  -0.0177437   0.1011361
1912.20  -0.0176404   0.1012635
1912.25  -0.0175361   0.1013874
1912.30  -0.0174309   0.1015078
1912.35  -0.0173247   0.1016247
1912.40  -0.0172177   0.1017382
1912.45  -0.0171097   0.1018482
1912.50  -0.0170009   0.1019548
1912.55  -0.0168912   0.1020579
1912.60  -0.0167806   0.1021575
1912.65  -0.0166692   0.1022537
1912.70  -0.0165570   0.1023464
1912.75  -0.0164439   0.1024358
1912.80  -0.0163300   0.1025217
1912.85  -0.0162154   0.1026042
1912.90  -0.0161000   0.1026833
1912.95  -0.0159837   0.1027591
1913.00  -0.0158668   0.1028316
1913.05  -0.0157491   0.1029008
1913.10  -0.0156306   0.1029667
1913.15  -0.0155114   0.1030293
1913.20  -0.0153915   0.1030887
1913.25  -0.0152709   0.1031450
1913.30  -0.0151496   0.1031981
1913.35  -0.0150276   0.1032480
1913.40  -0.0149049   0.1032950
1913.45  -0.0147815   0.1033388
1913.50  -0.0146574   0.1033797
1913.55  -0.0145327   0.1034177
1913.60  -0.0144073   0.1034527
1913.65  -0.0142812   0.1034849
1913.70  -0.0141545   0.1035143
1913.75  -0.0140271   0.1035410
1913.80  -0.0138991   0.1035649
1913.85  -0.0137705   0.1035862
1913.90  -0.0136412   0.1036049
1913.95  -0.0135113   0.1036211
1914.00  -0.0133808   0.1036348
1914.05  -0.0132497   0.1036460
1914.10  -0.0131179   0.1036549
1914.15  -0.0129855   0.1036615
1914.20  -0.0128525   0.1036659
1914.25  -0.0127189   0.1036681
1914.30  -0.0125847   0.1036681
1914.35  -0.0124499   0.1036662
1914.40  -0.0123145   0.1036622
1914.45  -0.0121785   0.1036564
1914.50  -0.0120419   0.1036486
1914.55  -0.0119046   0.1036392
1914.60  -0.0117668   0.1036280
1914.65  -0.0116284   0.1036151
1914.70  -0.0114894   0.1036007
1914.75  -0.0113498   0.1035848
1914.80  -0.0112096   0.1035674
1914.85  -0.0110689   0.1035487
1914.90  -0.0109275   0.1035287
1914.95  -0.0107856   0.1035075
1915.00  -0.0106430   0.1034852
1915.05  -0.0104999   0.1034617
1915.10  -0.0103562   0.1034373
1915.15  -0.0102119   0.1034119
1915.20  -0.0100671   0.1033857
1915.25  -0.0099216   0.1033587
1915.30  -0.0097756   0.1033310
1915.35  -0.0096290   0.1033026
1915.40  -0.0094819   0.1032736
1915.45  -0.0093341   0.1032442
1915.50  -0.0091858   0.1032143
1915.55  -0.0090370   0.1031840
1915.60  -0.0088876   0.1031535
1915.65  -0.0087376   0.1031227
1915.70  -0.0085870   0.1030918
1915.75  -0.0084360   0.1030608
1915.80  -0.0082843   0.1030297
1915.85  -0.0081322   0.1029988
1915.90  -0.0079795   0.1029679
1915.95  -0.0078262   0.1029372
1916.00  -0.0076724   0.1029067
1916.05  -0.0075182   0.1028766
1916.10  -0.0073634   0.1028468
1916.15  -0.0072080   0.1028175
1916.20  -0.0070522   0.1027886
1916.25  -0.0068959   0.1027603
1916.30  -0.0067391   0.1027326
1916.35  -0.0065819   0.1027056
1916.40  -0.0064241   0.1026793
1916.45  -0.0062659   0.1026538
1916.50  -0.0061073   0.1026291
1916.55  -0.0059482   0.1026053
1916.60  -0.0057887   0.1025825
1916.65  -0.0056288   0.1025607
1916.70  -0.0054685   0.1025399
1916.75  -0.0053078   0.1025203
1916.80  -0.0051467   0.1025017
1916.85  -0.0049852   0.1024844
1916.90  -0.0048234   0.1024684
1916.95  -0.0046613   0.1024536
1917.00  -0.0044989   0.1024401
1917.05  -0.0043361   0.1024281
1917.10  -0.0041731   0.1024175
1917.15  -0.0040098   0.1024083
1917.20  -0.0038463   0.1024006
1917.25  -0.0036825   0.1023945
1917.30  -0.0035186   0.1023900
1917.35  -0.0033544   0.1023871
1917.40  -0.0031901   0.1023858
1917.45  -0.0030257   0.1023862
1917.50  -0.0028611   0.1023884
1917.55  -0.0026965   0.1023923
1917.60  -0.0025317   0.1023980
1917.65  -0.0023670   0.1024055
1917.70  -0.0022022   0.1024149
1917.75  -0.0020374   0.1024261
1917.80  -0.0018727   0.1024392
1917.85  -0.0017080   0.1024543
1917.90  -0.0015435   0.1024713
1917.95  -0.0013790   0.1024903
1918.00  -0.0012147   0.1025113
1918.05  -0.0010506   0.1025343
1918.10  -0.0008867   0.1025594
1918.15  -0.0007231   0.1025865
1918.20  -0.0005597   0.1026157
1918.25  -0.0003967   0.1026470
1918.30  -0.0002340   0.1026805
1918.35  -0.0000717   0.1027160
1918.40   0.0000902   0.1027538
1918.45   0.0002516   0.1027936
1918.50   0.0004125   0.1028357
1918.55   0.0005729   0.1028800
1918.60   0.0007327   0.1029264
1918.65   0.0008919   0.1029751
1918.70   0.0010505   0.1030260
1918.75   0.0012083   0.1030792
1918.80   0.0013655   0.1031346
1918.85   0.0015218   0.1031923
1918.90   0.0016773   0.1032522
1918.95   0.0018320   0.1033144
1919.00   0.0019858   0.1033789
1919.05   0.0021386   0.1034457
1919.10   0.0022904   0.1035148
1919.15   0.0024412   0.1035862
1919.20   0.0025910   0.1036599
1919.25   0.0027396   0.1037359
1919.30   0.0028870   0.1038142
1919.35   0.0030332   0.1038948
1919.40   0.0031782   0.1039778
1919.45   0.0033219   0.1040631
1919.50   0.0034642   0.1041507
1919.55   0.0036051   0.1042406
1919.60   0.0037445   0.1043329
1919.65   0.0038825   0.1044275
1919.70   0.0040190   0.1045244
1919.75   0.0041538   0.1046237
1919.80   0.0042871   0.1047253
1919.85   0.0044186   0.1048292
1919.90   0.0045484   0.1049355
1919.95   0.0046765   0.1050441
1920.00   0.0048027   0.1051550
1920.05   0.0049271   0.1052682
1920.10   0.0050496   0.1053838
1920.15   0.0051701   0.1055017
1920.20   0.0052886   0.1056220
1920.25   0.0054051   0.1057445
1920.30   0.0055194   0.1058694
1920.35   0.0056317   0.1059966
1920.40   0.0057417   0.1061261
1920.45   0.0058495   0.1062579
1920.50   0.0059551   0.1063920
1920.55   0.0060584   0.1065284
1920.60   0.0061592   0.1066671
1920.65   0.0062577   0.1068081
1920.70   0.0063538   0.1069515
1920.75   0.0064474   0.1070971
1920.80   0.0065385   0.1072449
1920.85   0.0066270   0.1073951
1920.90   0.0067129   0.1075476
1920.95   0.0067961   0.1077023
1921.00   0.0068768   0.1078593
1921.05   0.0069547   0.1080185
1921.10   0.0070298   0.1081800
1921.15   0.0071022   0.1083438
1921.20   0.0071718   0.1085098
1921.25   0.0072385   0.1086781
1921.30   0.0073024   0.1088486
1921.35   0.0073633   0.1090214
1921.40   0.0074214   0.1091964
1921.45   0.0074764   0.1093736
1921.50   0.0075285   0.1095530
1921.55   0.0075776   0.1097347
1921.60   0.0076236   0.1099186
1921.65   0.0076666   0.1101047
1921.70   0.0077065   0.1102930
1921.75   0.0077432   0.1104835
1921.80   0.0077769   0.1106762
1921.85   0.0078074   0.1108711
1921.90   0.0078348   0.1110682
1921.95   0.0078590   0.1112675
1922.00   0.0078799   0.1114689
1922.05   0.0078977   0.1116725
1922.10   0.0079123   0.1118783
1922.15   0.0079237   0.1120863
1922.20   0.0079318   0.1122964
1922.25   0.0079367   0.1125087
1922.30   0.0079383   0.1127232
1922.35   0.0079367   0.1129398
1922.40   0.0079318   0.1131585
1922.45   0.0079237   0.1133794
1922.50   0.0079123   0.1136024
1922.55   0.0078977   0.1138275
1922.60   0.0078798   0.1140548
1922.65   0.0078586   0.1142842
1922.70   0.0078343   0.1145157
1922.75   0.0078067   0.1147493
1922.80   0.0077758   0.1149850
1922.85   0.0077418   0.1152229
1922.90   0.0077045   0.1154628
1922.95   0.0076640   0.1157049
1923.00   0.0076204   0.1159490
1923.05   0.0075736   0.1161952
1923.10   0.0075237   0.1164436
1923.15   0.0074706   0.1166940
1923.20   0.0074144   0.1169464
1923.25   0.0073551   0.1172010
1923.30   0.0072928   0.1174576
1923.35   0.0072274   0.1177163
1923.40   0.0071591   0.1179771
1923.45   0.0070877   0.1182399
1923.50   0.0070134   0.1185048
1923.55   0.0069361   0.1187717
1923.60   0.0068559   0.1190407
1923.65   0.0067729   0.1193117
1923.70   0.0066870   0.1195847
1923.75   0.0065984   0.1198598
1923.80   0.0065069   0.1201369
1923.85   0.0064128   0.1204161
1923.90   0.0063159   0.1206972
1923.95   0.0062164   0.1209804
1924.00   0.0061142   0.1212656
1924.05   0.0060095   0.1215528
1924.10   0.0059022   0.1218420
1924.15   0.0057925   0.1221332
1924.20   0.0056803   0.1224265
1924.25   0.0055656   0.1227216
1924.30   0.0054487   0.1230188
1924.35   0.0053294   0.1233180
1924.40   0.0052078   0.1236191
1924.45   0.0050840   0.1239222
1924.50   0.0049580   0.1242273
1924.55   0.0048299   0.1245343
1924.60   0.0046997   0.1248433
1924.65   0.0045674   0.1251542
1924.70   0.0044332   0.1254670
1924.75   0.0042970   0.1257818
1924.80   0.0041590   0.1260985
1924.85   0.0040191   0.1264171
1924.90   0.0038774   0.1267376
1924.95   0.0037340   0.1270600
1925.00   0.0035889   0.1273844
1925.05   0.0034422   0.1277106
1925.10   0.0032939   0.1280386
1925.15   0.0031441   0.1283686
1925.20   0.0029928   0.1287004
1925.25   0.0028400   0.1290340
1925.30   0.0026859   0.1293695
1925.35   0.0025305   0.1297067
1925.40   0.0023738   0.1300459
1925.45   0.0022160   0.1303868
1925.50   0.0020569   0.1307295
1925.55   0.0018967   0.1310739
1925.60   0.0017355   0.1314202
1925.65   0.0015733   0.1317682
1925.70   0.0014101   0.1321179
1925.75   0.0012460   0.1324693
1925.80   0.0010811   0.1328225
1925.85   0.0009153   0.1331773
1925.90   0.0007488   0.1335339
1925.95   0.0005816   0.1338921
1926.00   0.0004138   0.1342519
1926.05   0.0002453   0.1346133
1926.10   0.0000763   0.1349764
1926.15  -0.0000932   0.1353411
1926.20  -0.0002632   0.1357073
1926.25  -0.0004336   0.1360751
1926.30  -0.0006044   0.1364444
1926.35  -0.0007755   0.1368152
1926.40  -0.0009469   0.1371875
1926.45  -0.0011185   0.1375613
1926.50  -0.0012903   0.1379365
1926.55  -0.0014622   0.1383132
1926.60  -0.0016343   0.1386912
1926.65  -0.0018064   0.1390707
1926.70  -0.0019786   0.1394514
1926.75  -0.0021507   0.1398335
1926.80  -0.0023228   0.1402169
1926.85  -0.0024948   0.1406016
1926.90  -0.0026666   0.1409875
1926.95  -0.0028383   0.1413746
1927.00  -0.0030098   0.1417629
1927.05  -0.0031810   0.1421524
1927.10  -0.0033520   0.1425430
1927.15  -0.0035226   0.1429347
1927.20  -0.0036929   0.1433275
1927.25  -0.0038629   0.1437213
1927.30  -0.0040324   0.1441161
1927.35  -0.0042015   0.1445118
1927.40  -0.0043701   0.1449085
1927.45  -0.0045383   0.1453062
1927.50  -0.0047059   0.1457046
1927.55  -0.0048729   0.1461040
1927.60  -0.0050394   0.1465041
1927.65  -0.0052053   0.1469050
1927.70  -0.0053705   0.1473066
1927.75  -0.0055351   0.1477089
1927.80  -0.0056990   0.1481118
1927.85  -0.0058622   0.1485154
1927.90  -0.0060247   0.1489196
1927.95  -0.0061864   0.1493243
1928.00  -0.0063474   0.1497295
1928.05  -0.0065076   0.1501351
1928.10  -0.0066669   0.1505412
1928.15  -0.0068255   0.1509477
1928.20  -0.0069832   0.1513545
1928.25  -0.0071400   0.1517616
1928.30  -0.0072960   0.1521689
1928.35  -0.0074510   0.1525765
1928.40  -0.0076051   0.1529843
1928.45  -0.0077583   0.1533921
1928.50  -0.0079106   0.1538001
1928.55  -0.0080619   0.1542082
1928.60  -0.0082122   0.1546162
1928.65  -0.0083616   0.1550242
1928.70  -0.0085099   0.1554322
1928.75  -0.0086572   0.1558400
1928.80  -0.0088035   0.1562477
1928.85  -0.0089488   0.1566551
1928.90  -0.0090930   0.1570623
1928.95  -0.0092361   0.1574693
1929.00  -0.0093781   0.1578759
1929.05  -0.0095191   0.1582821
1929.10  -0.0096590   0.1586879
1929.15  -0.0097978   0.1590932
1929.20  -0.0099354   0.1594981
1929.25  -0.0100719   0.1599024
1929.30  -0.0102073   0.1603061
1929.35  -0.0103415   0.1607092
1929.40  -0.0104746   0.1611116
1929.45  -0.0106065   0.1615133
1929.50  -0.0107372   0.1619143
1929.55  -0.0108667   0.1623145
1929.60  -0.0109951   0.1627138
1929.65  -0.0111222   0.1631123
1929.70  -0.0112481   0.1635099
1929.75  -0.0113728   0.1639065
1929.80  -0.0114962   0.1643021
1929.85  -0.0116184   0.1646967
1929.90  -0.0117393   0.1650903
1929.95  -0.0118589   0.1654827
1930.00  -0.0119773   0.1658740
1930.05  -0.0120944   0.1662641
1930.10  -0.0122101   0.1666531
1930.15  -0.0123246   0.1670407
1930.20  -0.0124377   0.1674271
1930.25  -0.0125495   0.1678122
1930.30  -0.0126600   0.1681960
1930.35  -0.0127690   0.1685784
1930.40  -0.0128767   0.1689593
1930.45  -0.0129831   0.1693388
1930.50  -0.0130880   0.1697169
1930.55  -0.0131915   0.1700935
1930.60  -0.0132936   0.1704685
1930.65  -0.0133942   0.1708420
1930.70  -0.0134934   0.1712139
1930.75  -0.0135911   0.1715842
1930.80  -0.0136873   0.1719529
1930.85  -0.0137820   0.1723199
1930.90  -0.0138752   0.1726852
1930.95  -0.0139668   0.1730488
1931.00  -0.0140569   0.1734107
1931.05  -0.0141455   0.1737709
1931.10  -0.0142324   0.1741293
1931.15  -0.0143177   0.1744859
1931.20  -0.0144014   0.1748408
1931.25  -0.0144835   0.1751938
1931.30  -0.0145639   0.1755449
1931.35  -0.0146427   0.1758943
1931.40  -0.0147197   0.1762417
1931.45  -0.0147950   0.1765873
1931.50  -0.0148685   0.1769310
1931.55  -0.0149403   0.1772728
1931.60  -0.0150103   0.1776127
1931.65  -0.0150785   0.1779507
1931.70  -0.0151449   0.1782868
1931.75  -0.0152094   0.1786209
1931.80  -0.0152721   0.1789531
1931.85  -0.0153328   0.1792834
1931.90  -0.0153916   0.1796117
1931.95  -0.0154485   0.1799381
1932.00  -0.0155034   0.1802625
1932.05  -0.0155563   0.1805849
1932.10  -0.0156072   0.1809055
1932.15  -0.0156560   0.1812240
1932.20  -0.0157028   0.1815406
1932.25  -0.0157475   0.1818553
1932.30  -0.0157901   0.1821680
1932.35  -0.0158305   0.1824788
1932.40  -0.0158687   0.1827877
1932.45  -0.0159048   0.1830946
1932.50  -0.0159386   0.1833996
1932.55  -0.0159702   0.1837027
1932.60  -0.0159995   0.1840039
1932.65  -0.0160265   0.1843033
1932.70  -0.0160511   0.1846007
1932.75  -0.0160735   0.1848963
1932.80  -0.0160934   0.1851900
1932.85  -0.0161109   0.1854819
1932.90  -0.0161261   0.1857720
1932.95  -0.0161387   0.1860602
1933.00  -0.0161489   0.1863467
1933.05  -0.0161566   0.1866313
1933.10  -0.0161617   0.1869143
1933.15  -0.0161643   0.1871954
1933.20  -0.0161643   0.1874749
1933.25  -0.0161617   0.1877526
1933.30  -0.0161565   0.1880287
1933.35  -0.0161486   0.1883031
1933.40  -0.0161381   0.1885758
1933.45  -0.0161249   0.1888469
1933.50  -0.0161090   0.1891164
1933.55  -0.0160903   0.1893843
1933.60  -0.0160689   0.1896507
1933.65  -0.0160447   0.1899155
1933.70  -0.0160177   0.1901789
1933.75  -0.0159879   0.1904407
1933.80  -0.0159552   0.1907011
1933.85  -0.0159197   0.1909600
1933.90  -0.0158814   0.1912175
1933.95  -0.0158402   0.1914736
1934.00  -0.0157960   0.1917283
1934.05  -0.0157490   0.1919818
1934.10  -0.0156990   0.1922338
1934.15  -0.0156461   0.1924846
1934.20  -0.0155903   0.1927342
1934.25  -0.0155315   0.1929825
1934.30  -0.0154698   0.1932295
1934.35  -0.0154051   0.1934754
1934.40  -0.0153374   0.1937201
1934.45  -0.0152667   0.1939637
1934.50  -0.0151930   0.1942061
1934.55  -0.0151163   0.1944475
1934.60  -0.0150367   0.1946878
1934.65  -0.0149540   0.1949270
1934.70  -0.0148684   0.1951653
1934.75  -0.0147797   0.1954025
1934.80  -0.0146881   0.1956388
1934.85  -0.0145934   0.1958741
1934.90  -0.0144958   0.1961084
1934.95  -0.0143952   0.1963419
1935.00  -0.0142917   0.1965745
1935.05  -0.0141851   0.1968062
1935.10  -0.0140757   0.1970371
1935.15  -0.0139632   0.1972672
1935.20  -0.0138479   0.1974964
1935.25  -0.0137297   0.1977249
1935.30  -0.0136085   0.1979526
1935.35  -0.0134845   0.1981795
1935.40  -0.0133576   0.1984057
1935.45  -0.0132279   0.1986312
1935.50  -0.0130954   0.1988560
1935.55  -0.0129601   0.1990801
1935.60  -0.0128220   0.1993035
1935.65  -0.0126812   0.1995263
1935.70  -0.0125377   0.1997484
1935.75  -0.0123915   0.1999699
1935.80  -0.0122426   0.2001907
1935.85  -0.0120912   0.2004110
1935.90  -0.0119371   0.2006306
1935.95  -0.0117805   0.2008496
1936.00  -0.0116214   0.2010680
1936.05  -0.0114598   0.2012858
1936.10  -0.0112958   0.2015030
1936.15  -0.0111293   0.2017197
1936.20  -0.0109606   0.2019357
1936.25  -0.0107895   0.2021512
1936.30  -0.0106162   0.2023661
1936.35  -0.0104406   0.2025804
1936.40  -0.0102629   0.2027941
1936.45  -0.0100831   0.2030073
1936.50  -0.0099012   0.2032198
1936.55  -0.0097172   0.2034318
1936.60  -0.0095314   0.2036431
1936.65  -0.0093436   0.2038539
1936.70  -0.0091539   0.2040640
1936.75  -0.0089625   0.2042735
1936.80  -0.0087693   0.2044824
1936.85  -0.0085744   0.2046906
1936.90  -0.0083779   0.2048982
1936.95  -0.0081799   0.2051051
1937.00  -0.0079803   0.2053113
1937.05  -0.0077793   0.2055169
1937.10  -0.0075769   0.2057217
1937.15  -0.0073732   0.2059258
1937.20  -0.0071683   0.2061291
1937.25  -0.0069622   0.2063317
1937.30  -0.0067549   0.2065334
1937.35  -0.0065466   0.2067344
1937.40  -0.0063373   0.2069346
1937.45  -0.0061271   0.2071339
1937.50  -0.0059160   0.2073323
1937.55  -0.0057042   0.2075298
1937.60  -0.0054916   0.2077264
1937.65  -0.0052784   0.2079221
1937.70  -0.0050646   0.2081168
1937.75  -0.0048503   0.2083105
1937.80  -0.0046356   0.2085032
1937.85  -0.0044205   0.2086948
1937.90  -0.0042050   0.2088854
1937.95  -0.0039894   0.2090749
1938.00  -0.0037735   0.2092632
1938.05  -0.0035576   0.2094503
1938.10  -0.0033416   0.2096363
1938.15  -0.0031257   0.2098210
1938.20  -0.0029099   0.2100045
1938.25  -0.0026942   0.2101867
1938.30  -0.0024788   0.2103676
1938.35  -0.0022637   0.2105472
1938.40  -0.0020489   0.2107253
1938.45  -0.0018346   0.2109021
1938.50  -0.0016207   0.2110774
1938.55  -0.0014075   0.2112513
1938.60  -0.0011948   0.2114237
1938.65  -0.0009828   0.2115945
1938.70  -0.0007715   0.2117638
1938.75  -0.0005611   0.2119315
1938.80  -0.0003514   0.2120975
1938.85  -0.0001427   0.2122619
1938.90   0.0000650   0.2124247
1938.95   0.0002718   0.2125857
1939.00   0.0004774   0.2127450
1939.05   0.0006820   0.2129025
1939.10   0.0008854   0.2130583
1939.15   0.0010875   0.2132122
1939.20   0.0012885   0.2133643
1939.25   0.0014881   0.2135145
1939.30   0.0016864   0.2136628
1939.35   0.0018832   0.2138092
1939.40   0.0020787   0.2139537
1939.45   0.0022727   0.2140961
1939.50   0.0024652   0.2142367
1939.55   0.0026562   0.2143752
1939.60   0.0028456   0.2145116
1939.65   0.0030334   0.2146461
1939.70   0.0032195   0.2147784
1939.75   0.0034041   0.2149087
1939.80   0.0035870   0.2150370
1939.85   0.0037681   0.2151631
1939.90   0.0039476   0.2152871
1939.95   0.0041253   0.2154089
1940.00   0.0043013   0.2155286
1940.05   0.0044755   0.2156462
1940.10   0.0046480   0.2157616
1940.15   0.0048187   0.2158749
1940.20   0.0049876   0.2159860
1940.25   0.0051547   0.2160950
1940.30   0.0053200   0.2162017
1940.35   0.0054835   0.2163063
1940.40   0.0056452   0.2164088
1940.45   0.0058051   0.2165090
1940.50   0.0059632   0.2166071
1940.55   0.0061196   0.2167031
1940.60   0.0062742   0.2167969
1940.65   0.0064270   0.2168886
1940.70   0.0065781   0.2169782
1940.75   0.0067274   0.2170656
1940.80   0.0068751   0.2171509
1940.85   0.0070211   0.2172342
1940.90   0.0071653   0.2173154
1940.95   0.0073080   0.2173946
1941.00   0.0074490   0.2174717
1941.05   0.0075885   0.2175468
1941.10   0.0077263   0.2176199
1941.15   0.0078627   0.2176911
1941.20   0.0079975   0.2177603
1941.25   0.0081309   0.2178277
1941.30   0.0082628   0.2178932
1941.35   0.0083934   0.2179568
1941.40   0.0085226   0.2180186
1941.45   0.0086505   0.2180787
1941.50   0.0087771   0.2181370
1941.55   0.0089025   0.2181936
1941.60   0.0090267   0.2182485
1941.65   0.0091498   0.2183018
1941.70   0.0092717   0.2183535
1941.75   0.0093927   0.2184037
1941.80   0.0095126   0.2184524
1941.85   0.0096316   0.2184996
1941.90   0.0097497   0.2185454
1941.95   0.0098669   0.2185899
1942.00   0.0099834   0.2186330
1942.05   0.0100991   0.2186749
1942.10   0.0102141   0.2187155
1942.15   0.0103285   0.2187550
1942.20   0.0104424   0.2187934
1942.25   0.0105557   0.2188307
1942.30   0.0106685   0.2188670
1942.35   0.0107809   0.2189023
1942.40   0.0108930   0.2189367
1942.45   0.0110047   0.2189703
1942.50   0.0111162   0.2190031
1942.55   0.0112275   0.2190351
1942.60   0.0113387   0.2190664
1942.65   0.0114498   0.2190972
1942.70   0.0115608   0.2191273
1942.75   0.0116719   0.2191570
1942.80   0.0117831   0.2191862
1942.85   0.0118944   0.2192150
1942.90   0.0120059   0.2192435
1942.95   0.0121176   0.2192716
1943.00   0.0122296   0.2192996
1943.05   0.0123419   0.2193274
1943.10   0.0124546   0.2193551
1943.15   0.0125678   0.2193827
1943.20   0.0126814   0.2194104
1943.25   0.0127956   0.2194381
1943.30   0.0129103   0.2194659
1943.35   0.0130257   0.2194939
1943.40   0.0131417   0.2195222
1943.45   0.0132584   0.2195507
1943.50   0.0133758   0.2195795
1943.55   0.0134940   0.2196088
1943.60   0.0136130   0.2196385
1943.65   0.0137329   0.2196687
1943.70   0.0138536   0.2196994
1943.75   0.0139752   0.2197308
1943.80   0.0140978   0.2197628
1943.85   0.0142214   0.2197955
1943.90   0.0143459   0.2198289
1943.95   0.0144715   0.2198632
1944.00   0.0145981   0.2198982
1944.05   0.0147258   0.2199342
1944.10   0.0148545   0.2199711
1944.15   0.0149843   0.2200089
1944.20   0.0151153   0.2200478
1944.25   0.0152473   0.2200877
1944.30   0.0153805   0.2201287
1944.35   0.0155149   0.2201709
1944.40   0.0156504   0.2202142
1944.45   0.0157870   0.2202586
1944.50   0.0159248   0.2203044
1944.55   0.0160637   0.2203513
1944.60   0.0162038   0.2203996
1944.65   0.0163451   0.2204492
1944.70   0.0164875   0.2205002
1944.75   0.0166310   0.2205525
1944.80   0.0167756   0.2206062
1944.85   0.0169214   0.2206614
1944.90   0.0170682   0.2207180
1944.95   0.0172161   0.2207760
1945.00   0.0173651   0.2208356
1945.05   0.0175151   0.2208966
1945.10   0.0176662   0.2209592
1945.15   0.0178182   0.2210233
1945.20   0.0179712   0.2210890
1945.25   0.0181251   0.2211562
1945.30   0.0182800   0.2212250
1945.35   0.0184357   0.2212954
1945.40   0.0185923   0.2213674
1945.45   0.0187496   0.2214410
1945.50   0.0189078   0.2215162
1945.55   0.0190667   0.2215930
1945.60   0.0192262   0.2216714
1945.65   0.0193865   0.2217515
1945.70   0.0195473   0.2218331
1945.75   0.0197087   0.2219164
1945.80   0.0198706   0.2220013
1945.85   0.0200330   0.2220878
1945.90   0.0201958   0.2221760
1945.95   0.0203590   0.2222657
1946.00   0.0205224   0.2223571
1946.05   0.0206862   0.2224500
1946.10   0.0208502   0.2225445
1946.15   0.0210143   0.2226407
1946.20   0.0211786   0.2227384
1946.25   0.0213429   0.2228376
1946.30   0.0215072   0.2229385
1946.35   0.0216714   0.2230409
1946.40   0.0218355   0.2231448
1946.45   0.0219994   0.2232503
1946.50   0.0221631   0.2233572
1946.55   0.0223266   0.2234657
1946.60   0.0224896   0.2235757
1946.65   0.0226522   0.2236872
1946.70   0.0228144   0.2238001
1946.75   0.0229760   0.2239145
1946.80   0.0231371   0.2240303
1946.85   0.0232975   0.2241476
1946.90   0.0234571   0.2242663
1946.95   0.0236160   0.2243864
1947.00   0.0237741   0.2245079
1947.05   0.0239313   0.2246308
1947.10   0.0240875   0.2247550
1947.15   0.0242428   0.2248806
1947.20   0.0243969   0.2250075
1947.25   0.0245499   0.2251358
1947.30   0.0247018   0.2252654
1947.35   0.0248524   0.2253963
1947.40   0.0250017   0.2255285
1947.45   0.0251497   0.2256620
1947.50   0.0252963   0.2257967
1947.55   0.0254414   0.2259328
1947.60   0.0255851   0.2260701
1947.65   0.0257271   0.2262086
1947.70   0.0258676   0.2263484
1947.75   0.0260064   0.2264894
1947.80   0.0261435   0.2266316
1947.85   0.0262789   0.2267751
1947.90   0.0264125   0.2269198
1947.95   0.0265442   0.2270657
1948.00   0.0266741   0.2272128
1948.05   0.0268020   0.2273612
1948.10   0.0269280   0.2275107
1948.15   0.0270520   0.2276614
1948.20   0.0271739   0.2278134
1948.25   0.0272938   0.2279665
1948.30   0.0274116   0.2281209
1948.35   0.0275272   0.2282765
1948.40   0.0276407   0.2284333
1948.45   0.0277520   0.2285913
1948.50   0.0278611   0.2287505
1948.55   0.0279679   0.2289110
1948.60   0.0280724   0.2290726
1948.65   0.0281746   0.2292356
1948.70   0.0282745   0.2293998
1948.75   0.0283721   0.2295652
1948.80   0.0284673   0.2297319
1948.85   0.0285602   0.2298999
1948.90   0.0286507   0.2300692
1948.95   0.0287387   0.2302398
1949.00   0.0288244   0.2304117
1949.05   0.0289076   0.2305849
1949.10   0.0289884   0.2307595
1949.15   0.0290668   0.2309354
1949.20   0.0291427   0.2311127
1949.25   0.0292162   0.2312914
1949.30   0.0292872   0.2314715
1949.35   0.0293558   0.2316531
1949.40   0.0294220   0.2318360
1949.45   0.0294857   0.2320204
1949.50   0.0295469   0.2322063
1949.55   0.0296058   0.2323937
1949.60   0.0296622   0.2325826
1949.65   0.0297162   0.2327730
1949.70   0.0297678   0.2329650
1949.75   0.0298169   0.2331585
1949.80   0.0298638   0.2333537
1949.85   0.0299082   0.2335504
1949.90   0.0299503   0.2337488
1949.95   0.0299900   0.2339488
1950.00   0.0300275   0.2341504
1950.05   0.0300626   0.2343538
1950.10   0.0300955   0.2345588
1950.15   0.0301260   0.2347655
1950.20   0.0301544   0.2349740
1950.25   0.0301805   0.2351843
1950.30   0.0302045   0.2353963
1950.35   0.0302262   0.2356100
1950.40   0.0302459   0.2358256
1950.45   0.0302634   0.2360430
1950.50   0.0302788   0.2362622
1950.55   0.0302922   0.2364833
1950.60   0.0303035   0.2367062
1950.65   0.0303128   0.2369310
1950.70   0.0303201   0.2371576
1950.75   0.0303255   0.2373861
1950.80   0.0303290   0.2376165
1950.85   0.0303306   0.2378489
1950.90   0.0303303   0.2380831
1950.95   0.0303282   0.2383192
1951.00   0.0303244   0.2385572
1951.05   0.0303187   0.2387971
1951.10   0.0303114   0.2390390
1951.15   0.0303023   0.2392827
1951.20   0.0302916   0.2395284
1951.25   0.0302792   0.2397759
1951.30   0.0302652   0.2400254
1951.35   0.0302497   0.2402767
1951.40   0.0302327   0.2405299
1951.45   0.0302141   0.2407850
1951.50   0.0301941   0.2410420
1951.55   0.0301726   0.2413007
1951.60   0.0301497   0.2415613
1951.65   0.0301255   0.2418237
1951.70   0.0300999   0.2420879
1951.75   0.0300729   0.2423538
1951.80   0.0300447   0.2426215
1951.85   0.0300153   0.2428909
1951.90   0.0299846   0.2431619
1951.95   0.0299527   0.2434346
1952.00   0.0299197   0.2437089
1952.05   0.0298855   0.2439847
1952.10   0.0298502   0.2442621
1952.15   0.0298139   0.2445410
1952.20   0.0297764   0.2448214
1952.25   0.0297380   0.2451031
1952.30   0.0296985   0.2453863
1952.35   0.0296580   0.2456707
1952.40   0.0296166   0.2459564
1952.45   0.0295742   0.2462433
1952.50   0.0295310   0.2465313
1952.55   0.0294868   0.2468204
1952.60   0.0294417   0.2471106
1952.65   0.0293958   0.2474017
1952.70   0.0293491   0.2476938
1952.75   0.0293015   0.2479866
1952.80   0.0292531   0.2482802
1952.85   0.0292039   0.2485745
1952.90   0.0291540   0.2488695
1952.95   0.0291033   0.2491649
1953.00   0.0290519   0.2494608
1953.05   0.0289997   0.2497571
1953.10   0.0289468   0.2500537
1953.15   0.0288932   0.2503505
1953.20   0.0288389   0.2506475
1953.25   0.0287839   0.2509444
1953.30   0.0287282   0.2512413
1953.35   0.0286718   0.2515381
1953.40   0.0286148   0.2518346
1953.45   0.0285571   0.2521307
1953.50   0.0284987   0.2524264
1953.55   0.0284397   0.2527216
1953.60   0.0283801   0.2530161
1953.65   0.0283197   0.2533099
1953.70   0.0282587   0.2536028
1953.75   0.0281971   0.2538947
1953.80   0.0281348   0.2541855
1953.85   0.0280719   0.2544752
1953.90   0.0280083   0.2547636
1953.95   0.0279440   0.2550505
1954.00   0.0278791   0.2553360
1954.05   0.0278135   0.2556198
1954.10   0.0277472   0.2559018
1954.15   0.0276802   0.2561819
1954.20   0.0276125   0.2564601
1954.25   0.0275442   0.2567361
1954.30   0.0274751   0.2570099
1954.35   0.0274053   0.2572813
1954.40   0.0273348   0.2575503
1954.45   0.0272636   0.2578166
1954.50   0.0271916   0.2580803
1954.55   0.0271188   0.2583410
1954.60   0.0270453   0.2585988
1954.65   0.0269710   0.2588535
1954.70   0.0268959   0.2591049
1954.75   0.0268199   0.2593530
1954.80   0.0267432   0.2595977
1954.85   0.0266656   0.2598387
1954.90   0.0265871   0.2600760
1954.95   0.0265078   0.2603094
1955.00   0.0264276   0.2605389
1955.05   0.0263464   0.2607642
1955.10   0.0262644   0.2609853
1955.15   0.0261814   0.2612021
1955.20   0.0260974   0.2614144
1955.25   0.0260125   0.2616222
1955.30   0.0259266   0.2618252
1955.35   0.0258396   0.2620233
1955.40   0.0257517   0.2622165
1955.45   0.0256627   0.2624047
1955.50   0.0255726   0.2625876
1955.55   0.0254814   0.2627653
1955.60   0.0253891   0.2629375
1955.65   0.0252957   0.2631042
1955.70   0.0252012   0.2632653
1955.75   0.0251055   0.2634206
1955.80   0.0250086   0.2635701
1955.85   0.0249105   0.2637136
1955.90   0.0248112   0.2638510
1955.95   0.0247107   0.2639823
1956.00   0.0246089   0.2641073
1956.05   0.0245058   0.2642259
1956.10   0.0244015   0.2643381
1956.15   0.0242958   0.2644437
1956.20   0.0241888   0.2645426
1956.25   0.0240805   0.2646348
1956.30   0.0239708   0.2647202
1956.35   0.0238597   0.2647987
1956.40   0.0237473   0.2648702
1956.45   0.0236334   0.2649347
1956.50   0.0235181   0.2649920
1956.55   0.0234013   0.2650421
1956.60   0.0232831   0.2650849
1956.65   0.0231635   0.2651204
1956.70   0.0230423   0.2651484
1956.75   0.0229197   0.2651690
1956.80   0.0227955   0.2651821
1956.85   0.0226699   0.2651876
1956.90   0.0225427   0.2651854
1956.95   0.0224139   0.2651756
1957.00   0.0222836   0.2651580
1957.05   0.0221517   0.2651327
1957.10   0.0220183   0.2650996
1957.15   0.0218833   0.2650586
1957.20   0.0217467   0.2650098
1957.25   0.0216084   0.2649531
1957.30   0.0214686   0.2648885
1957.35   0.0213272   0.2648159
1957.40   0.0211842   0.2647354
1957.45   0.0210395   0.2646470
1957.50   0.0208932   0.2645505
1957.55   0.0207453   0.2644461
1957.60   0.0205958   0.2643338
1957.65   0.0204446   0.2642135
1957.70   0.0202918   0.2640852
1957.75   0.0201374   0.2639489
1957.80   0.0199813   0.2638048
1957.85   0.0198237   0.2636527
1957.90   0.0196644   0.2634927
1957.95   0.0195035   0.2633249
1958.00   0.0193410   0.2631492
1958.05   0.0191768   0.2629657
1958.10   0.0190111   0.2627745
1958.15   0.0188438   0.2625755
1958.20   0.0186749   0.2623689
1958.25   0.0185044   0.2621546
1958.30   0.0183324   0.2619328
1958.35   0.0181588   0.2617035
1958.40   0.0179837   0.2614666
1958.45   0.0178070   0.2612224
1958.50   0.0176289   0.2609709
1958.55   0.0174492   0.2607121
1958.60   0.0172681   0.2604461
1958.65   0.0170855   0.2601731
1958.70   0.0169014   0.2598930
1958.75   0.0167159   0.2596059
1958.80   0.0165291   0.2593121
1958.85   0.0163408   0.2590114
1958.90   0.0161512   0.2587041
1958.95   0.0159602   0.2583902
1959.00   0.0157679   0.2580699
1959.05   0.0155744   0.2577432
1959.10   0.0153795   0.2574103
1959.15   0.0151834   0.2570712
1959.20   0.0149861   0.2567261
1959.25   0.0147877   0.2563750
1959.30   0.0145880   0.2560182
1959.35   0.0143873   0.2556557
1959.40   0.0141855   0.2552876
1959.45   0.0139826   0.2549141
1959.50   0.0137786   0.2545353
1959.55   0.0135737   0.2541514
1959.60   0.0133678   0.2537624
1959.65   0.0131610   0.2533685
1959.70   0.0129533   0.2529698
1959.75   0.0127448   0.2525666
1959.80   0.0125354   0.2521588
1959.85   0.0123253   0.2517467
1959.90   0.0121144   0.2513304
1959.95   0.0119029   0.2509100
1960.00   0.0116907   0.2504858
1960.05   0.0114778   0.2500578
1960.10   0.0112645   0.2496262
1960.15   0.0110505   0.2491911
1960.20   0.0108361   0.2487527
1960.25   0.0106213   0.2483112
1960.30   0.0104061   0.2478667
1960.35   0.0101905   0.2474194
1960.40   0.0099746   0.2469694
1960.45   0.0097585   0.2465168
1960.50   0.0095421   0.2460619
1960.55   0.0093256   0.2456048
1960.60   0.0091090   0.2451457
1960.65   0.0088923   0.2446846
1960.70   0.0086756   0.2442218
1960.75   0.0084589   0.2437575
1960.80   0.0082423   0.2432917
1960.85   0.0080258   0.2428247
1960.90   0.0078095   0.2423565
1960.95   0.0075935   0.2418875
1961.00   0.0073777   0.2414176
1961.05   0.0071623   0.2409472
1961.10   0.0069472   0.2404762
1961.15   0.0067326   0.2400050
1961.20   0.0065185   0.2395336
1961.25   0.0063049   0.2390621
1961.30   0.0060919   0.2385909
1961.35   0.0058795   0.2381199
1961.40   0.0056678   0.2376494
1961.45   0.0054569   0.2371795
1961.50   0.0052467   0.2367104
1961.55   0.0050374   0.2362421
1961.60   0.0048290   0.2357749
1961.65   0.0046216   0.2353089
1961.70   0.0044151   0.2348442
1961.75   0.0042097   0.2343810
1961.80   0.0040054   0.2339194
1961.85   0.0038022   0.2334596
1961.90   0.0036002   0.2330016
1961.95   0.0033995   0.2325457
1962.00   0.0032001   0.2320919
1962.05   0.0030020   0.2316404
1962.10   0.0028053   0.2311914
1962.15   0.0026101   0.2307448
1962.20   0.0024163   0.2303009
1962.25   0.0022241   0.2298599
1962.30   0.0020334   0.2294217
1962.35   0.0018444   0.2289865
1962.40   0.0016571   0.2285545
1962.45   0.0014714   0.2281257
1962.50   0.0012875   0.2277003
1962.55   0.0011054   0.2272784
1962.60   0.0009252   0.2268600
1962.65   0.0007468   0.2264453
1962.70   0.0005704   0.2260344
1962.75   0.0003959   0.2256273
1962.80   0.0002235   0.2252242
1962.85   0.0000530   0.2248252
1962.90  -0.0001153   0.2244303
1962.95  -0.0002816   0.2240396
1963.00  -0.0004456   0.2236533
1963.05  -0.0006075   0.2232714
1963.10  -0.0007672   0.2228939
1963.15  -0.0009246   0.2225210
1963.20  -0.0010798   0.2221527
1963.25  -0.0012326   0.2217892
1963.30  -0.0013831   0.2214304
1963.35  -0.0015312   0.2210764
1963.40  -0.0016769   0.2207273
1963.45  -0.0018202   0.2203832
1963.50  -0.0019611   0.2200441
1963.55  -0.0020994   0.2197101
1963.60  -0.0022353   0.2193811
1963.65  -0.0023686   0.2190574
1963.70  -0.0024994   0.2187389
1963.75  -0.0026276   0.2184256
1963.80  -0.0027532   0.2181176
1963.85  -0.0028762   0.2178150
1963.90  -0.0029966   0.2175177
1963.95  -0.0031144   0.2172259
1964.00  -0.0032295   0.2169395
1964.05  -0.0033420   0.2166585
1964.10  -0.0034517   0.2163831
1964.15  -0.0035588   0.2161132
1964.20  -0.0036632   0.2158488
1964.25  -0.0037648   0.2155900
1964.30  -0.0038638   0.2153367
1964.35  -0.0039600   0.2150891
1964.40  -0.0040535   0.2148470
1964.45  -0.0041442   0.2146106
1964.50  -0.0042322   0.2143798
1964.55  -0.0043174   0.2141546
1964.60  -0.0043999   0.2139351
1964.65  -0.0044797   0.2137211
1964.70  -0.0045566   0.2135129
1964.75  -0.0046309   0.2133102
1964.80  -0.0047023   0.2131132
1964.85  -0.0047711   0.2129218
1964.90  -0.0048371   0.2127360
1964.95  -0.0049003   0.2125558
1965.00  -0.0049608   0.2123811
1965.05  -0.0050186   0.2122121
1965.10  -0.0050736   0.2120486
1965.15  -0.0051260   0.2118907
1965.20  -0.0051756   0.2117383
1965.25  -0.0052225   0.2115913
1965.30  -0.0052667   0.2114499
1965.35  -0.0053083   0.2113139
1965.40  -0.0053472   0.2111834
1965.45  -0.0053834   0.2110582
1965.50  -0.0054170   0.2109385
1965.55  -0.0054479   0.2108241
1965.60  -0.0054763   0.2107150
1965.65  -0.0055020   0.2106112
1965.70  -0.0055251   0.2105126
1965.75  -0.0055457   0.2104193
1965.80  -0.0055637   0.2103311
1965.85  -0.0055792   0.2102481
1965.90  -0.0055921   0.2101702
1965.95  -0.0056026   0.2100974
1966.00  -0.0056105   0.2100296
1966.05  -0.0056160   0.2099669
1966.10  -0.0056191   0.2099090
1966.15  -0.0056197   0.2098561
1966.20  -0.0056178   0.2098081
1966.25  -0.0056136   0.2097649
1966.30  -0.0056071   0.2097264
1966.35  -0.0055981   0.2096927
1966.40  -0.0055868   0.2096637
1966.45  -0.0055733   0.2096394
1966.50  -0.0055574   0.2096196
1966.55  -0.0055392   0.2096045
1966.60  -0.0055188   0.2095938
1966.65  -0.0054962   0.2095876
1966.70  -0.0054713   0.2095857
1966.75  -0.0054443   0.2095883
1966.80  -0.0054151   0.2095952
1966.85  -0.0053838   0.2096063
1966.90  -0.0053503   0.2096217
1966.95  -0.0053147   0.2096412
1967.00  -0.0052770   0.2096649
1967.05  -0.0052373   0.2096926
1967.10  -0.0051956   0.2097243
1967.15  -0.0051518   0.2097600
1967.20  -0.0051060   0.2097997
1967.25  -0.0050582   0.2098431
1967.30  -0.0050085   0.2098905
1967.35  -0.0049569   0.2099415
1967.40  -0.0049033   0.2099963
1967.45  -0.0048478   0.2100548
1967.50  -0.0047905   0.2101169
1967.55  -0.0047313   0.2101825
1967.60  -0.0046703   0.2102516
1967.65  -0.0046074   0.2103243
1967.70  -0.0045428   0.2104003
1967.75  -0.0044764   0.2104797
1967.80  -0.0044082   0.2105624
1967.85  -0.0043383   0.2106484
1967.90  -0.0042667   0.2107377
1967.95  -0.0041934   0.2108300
1968.00  -0.0041184   0.2109256
1968.05  -0.0040417   0.2110241
1968.10  -0.0039634   0.2111258
1968.15  -0.0038835   0.2112303
1968.20  -0.0038019   0.2113379
1968.25  -0.0037188   0.2114483
1968.30  -0.0036341   0.2115616
1968.35  -0.0035478   0.2116776
1968.40  -0.0034600   0.2117964
1968.45  -0.0033707   0.2119180
1968.50  -0.0032799   0.2120421
1968.55  -0.0031876   0.2121689
1968.60  -0.0030938   0.2122983
1968.65  -0.0029986   0.2124302
1968.70  -0.0029020   0.2125646
1968.75  -0.0028039   0.2127015
1968.80  -0.0027044   0.2128408
1968.85  -0.0026035   0.2129824
1968.90  -0.0025013   0.2131264
1968.95  -0.0023977   0.2132727
1969.00  -0.0022928   0.2134212
1969.05  -0.0021865   0.2135719
1969.10  -0.0020789   0.2137248
1969.15  -0.0019701   0.2138799
1969.20  -0.0018600   0.2140370
1969.25  -0.0017486   0.2141963
1969.30  -0.0016359   0.2143576
1969.35  -0.0015221   0.2145208
1969.40  -0.0014070   0.2146861
1969.45  -0.0012908   0.2148532
1969.50  -0.0011733   0.2150223
1969.55  -0.0010547   0.2151933
1969.60  -0.0009350   0.2153661
1969.65  -0.0008141   0.2155407
1969.70  -0.0006921   0.2157171
1969.75  -0.0005690   0.2158953
1969.80  -0.0004448   0.2160752
1969.85  -0.0003196   0.2162568
1969.90  -0.0001933   0.2164400
1969.95  -0.0000659   0.2166250
1970.00   0.0000624   0.2168115
1970.05   0.0001917   0.2169997
1970.10   0.0003220   0.2171894
1970.15   0.0004533   0.2173807
1970.20   0.0005855   0.2175735
1970.25   0.0007186   0.2177678
1970.30   0.0008527   0.2179636
1970.35   0.0009876   0.2181609
1970.40   0.0011234   0.2183597
1970.45   0.0012601   0.2185598
1970.50   0.0013975   0.2187614
1970.55   0.0015358   0.2189644
1970.60   0.0016749   0.2191688
1970.65   0.0018148   0.2193746
1970.70   0.0019554   0.2195817
1970.75   0.0020967   0.2197901
1970.80   0.0022388   0.2199999
1970.85   0.0023815   0.2202109
1970.90   0.0025249   0.2204233
1970.95   0.0026690   0.2206369
1971.00   0.0028137   0.2208519
1971.05   0.0029590   0.2210680
1971.10   0.0031048   0.2212855
1971.15   0.0032513   0.2215041
1971.20   0.0033982   0.2217240
1971.25   0.0035457   0.2219452
1971.30   0.0036937   0.2221675
1971.35   0.0038422   0.2223910
1971.40   0.0039911   0.2226158
1971.45   0.0041404   0.2228417
1971.50   0.0042901   0.2230688
1971.55   0.0044402   0.2232971
1971.60   0.0045907   0.2235266
1971.65   0.0047415   0.2237572
1971.70   0.0048926   0.2239890
1971.75   0.0050439   0.2242219
1971.80   0.0051956   0.2244560
1971.85   0.0053474   0.2246913
1971.90   0.0054995   0.2249277
1971.95   0.0056517   0.2251652
1972.00   0.0058041   0.2254038
1972.05   0.0059567   0.2256436
1972.10   0.0061093   0.2258846
1972.15   0.0062621   0.2261266
1972.20   0.0064149   0.2263698
1972.25   0.0065677   0.2266141
1972.30   0.0067206   0.2268595
1972.35   0.0068734   0.2271060
1972.40   0.0070262   0.2273537
1972.45   0.0071789   0.2276025
1972.50   0.0073316   0.2278523
1972.55   0.0074841   0.2281033
1972.60   0.0076365   0.2283554
1972.65   0.0077888   0.2286086
1972.70   0.0079408   0.2288630
1972.75   0.0080927   0.2291184
1972.80   0.0082443   0.2293749
1972.85   0.0083957   0.2296325
1972.90   0.0085468   0.2298912
1972.95   0.0086977   0.2301510
1973.00   0.0088481   0.2304119
1973.05   0.0089983   0.2306739
1973.10   0.0091481   0.2309370
1973.15   0.0092975   0.2312012
1973.20   0.0094466   0.2314664
1973.25   0.0095951   0.2317328
1973.30   0.0097433   0.2320002
1973.35   0.0098910   0.2322687
1973.40   0.0100382   0.2325382
1973.45   0.0101849   0.2328089
1973.50   0.0103311   0.2330806
1973.55   0.0104768   0.2333533
1973.60   0.0106219   0.2336271
1973.65   0.0107664   0.2339020
1973.70   0.0109104   0.2341779
1973.75   0.0110538   0.2344548
1973.80   0.0111965   0.2347328
1973.85   0.0113386   0.2350118
1973.90   0.0114801   0.2352918
1973.95   0.0116209   0.2355728
1974.00   0.0117611   0.2358549
1974.05   0.0119005   0.2361379
1974.10   0.0120393   0.2364219
1974.15   0.0121774   0.2367069
1974.20   0.0123148   0.2369929
1974.25   0.0124514   0.2372799
1974.30   0.0125873   0.2375677
1974.35   0.0127225   0.2378566
1974.40   0.0128569   0.2381464
1974.45   0.0129906   0.2384370
1974.50   0.0131235   0.2387287
1974.55   0.0132557   0.2390212
1974.60   0.0133870   0.2393145
1974.65   0.0135176   0.2396088
1974.70   0.0136475   0.2399039
1974.75   0.0137765   0.2401999
1974.80   0.0139048   0.2404967
1974.85   0.0140323   0.2407943
1974.90   0.0141590   0.2410927
1974.95   0.0142849   0.2413920
1975.00   0.0144101   0.2416919
1975.05   0.0145344   0.2419927
1975.10   0.0146580   0.2422941
1975.15   0.0147808   0.2425963
1975.20   0.0149028   0.2428992
1975.25   0.0150241   0.2432028
1975.30   0.0151446   0.2435071
1975.35   0.0152644   0.2438120
1975.40   0.0153834   0.2441175
1975.45   0.0155016   0.2444237
1975.50   0.0156191   0.2447304
1975.55   0.0157359   0.2450377
1975.60   0.0158520   0.2453455
1975.65   0.0159673   0.2456539
1975.70   0.0160820   0.2459628
1975.75   0.0161959   0.2462721
1975.80   0.0163092   0.2465819
1975.85   0.0164218   0.2468922
1975.90   0.0165338   0.2472028
1975.95   0.0166451   0.2475139
1976.00   0.0167558   0.2478253
1976.05   0.0168658   0.2481370
1976.10   0.0169753   0.2484491
1976.15   0.0170842   0.2487615
1976.20   0.0171925   0.2490741
1976.25   0.0173002   0.2493869
1976.30   0.0174074   0.2497000
1976.35   0.0175141   0.2500133
1976.40   0.0176202   0.2503267
1976.45   0.0177259   0.2506402
1976.50   0.0178311   0.2509539
1976.55   0.0179358   0.2512676
1976.60   0.0180401   0.2515814
1976.65   0.0181440   0.2518952
1976.70   0.0182475   0.2522090
1976.75   0.0183505   0.2525228
1976.80   0.0184532   0.2528365
1976.85   0.0185556   0.2531501
1976.90   0.0186576   0.2534636
1976.95   0.0187594   0.2537770
1977.00   0.0188608   0.2540902
1977.05   0.0189620   0.2544032
1977.10   0.0190629   0.2547159
1977.15   0.0191636   0.2550284
1977.20   0.0192640   0.2553406
1977.25   0.0193643   0.2556524
1977.30   0.0194644   0.2559639
1977.35   0.0195644   0.2562750
1977.40   0.0196642   0.2565857
1977.45   0.0197639   0.2568960
1977.50   0.0198636   0.2572058
1977.55   0.0199631   0.2575151
1977.60   0.0200626   0.2578239
1977.65   0.0201621   0.2581321
1977.70   0.0202615   0.2584397
1977.75   0.0203610   0.2587467
1977.80   0.0204605   0.2590530
1977.85   0.0205600   0.2593587
1977.90   0.0206596   0.2596636
1977.95   0.0207592   0.2599678
1978.00   0.0208590   0.2602713
1978.05   0.0209589   0.2605739
1978.10   0.0210589   0.2608758
1978.15   0.0211591   0.2611767
1978.20   0.0212594   0.2614768
1978.25   0.0213599   0.2617760
1978.30   0.0214607   0.2620743
1978.35   0.0215616   0.2623715
1978.40   0.0216628   0.2626678
1978.45   0.0217642   0.2629631
1978.50   0.0218659   0.2632573
1978.55   0.0219678   0.2635504
1978.60   0.0220701   0.2638425
1978.65   0.0221726   0.2641334
1978.70   0.0222755   0.2644231
1978.75   0.0223787   0.2647117
1978.80   0.0224823   0.2649991
1978.85   0.0225862   0.2652852
1978.90   0.0226904   0.2655701
1978.95   0.0227951   0.2658537
1979.00   0.0229001   0.2661360
1979.05   0.0230055   0.2664170
1979.10   0.0231114   0.2666966
1979.15   0.0232176   0.2669749
1979.20   0.0233243   0.2672518
1979.25   0.0234313   0.2675273
1979.30   0.0235389   0.2678013
1979.35   0.0236468   0.2680739
1979.40   0.0237553   0.2683450
1979.45   0.0238641   0.2686146
1979.50   0.0239734   0.2688827
1979.55   0.0240832   0.2691493
1979.60   0.0241935   0.2694143
1979.65   0.0243042   0.2696778
1979.70   0.0244154   0.2699397
1979.75   0.0245270   0.2702000
1979.80   0.0246392   0.2704586
1979.85   0.0247518   0.2707157
1979.90   0.0248649   0.2709711
1979.95   0.0249784   0.2712249
1980.00   0.0250924   0.2714770
1980.05   0.0252069   0.2717275
1980.10   0.0253219   0.2719762
1980.15   0.0254373   0.2722233
1980.20   0.0255532   0.2724686
1980.25   0.0256696   0.2727123
1980.30   0.0257864   0.2729542
1980.35   0.0259036   0.2731944
1980.40   0.0260213   0.2734328
1980.45   0.0261394   0.2736696
1980.50   0.0262580   0.2739045
1980.55   0.0263769   0.2741378
1980.60   0.0264963   0.2743692
1980.65   0.0266161   0.2745990
1980.70   0.0267363   0.2748269
1980.75   0.0268568   0.2750531
1980.80   0.0269778   0.2752776
1980.85   0.0270991   0.2755003
1980.90   0.0272207   0.2757213
1980.95   0.0273427   0.2759405
1981.00   0.0274651   0.2761579
1981.05   0.0275877   0.2763736
1981.10   0.0277107   0.2765876
1981.15   0.0278339   0.2767998
1981.20   0.0279575   0.2770104
1981.25   0.0280813   0.2772192
1981.30   0.0282053   0.2774263
1981.35   0.0283296   0.2776317
1981.40   0.0284541   0.2778354
1981.45   0.0285788   0.2780375
1981.50   0.0287037   0.2782378
1981.55   0.0288288   0.2784366
1981.60   0.0289540   0.2786337
1981.65   0.0290794   0.2788292
1981.70   0.0292048   0.2790230
1981.75   0.0293304   0.2792153
1981.80   0.0294561   0.2794060
1981.85   0.0295818   0.2795952
1981.90   0.0297076   0.2797828
1981.95   0.0298335   0.2799689
1982.00   0.0299593   0.2801535
1982.05   0.0300851   0.2803367
1982.10   0.0302109   0.2805184
1982.15   0.0303367   0.2806986
1982.20   0.0304624   0.2808775
1982.25   0.0305880   0.2810550
1982.30   0.0307135   0.2812311
1982.35   0.0308389   0.2814059
1982.40   0.0309641   0.2815794
1982.45   0.0310892   0.2817516
1982.50   0.0312141   0.2819226
1982.55   0.0313388   0.2820924
1982.60   0.0314633   0.2822609
1982.65   0.0315875   0.2824283
1982.70   0.0317114   0.2825946
1982.75   0.0318351   0.2827598
1982.80   0.0319585   0.2829239
1982.85   0.0320815   0.2830869
1982.90   0.0322042   0.2832490
1982.95   0.0323265   0.2834101
1983.00   0.0324484   0.2835703
1983.05   0.0325700   0.2837295
1983.10   0.0326911   0.2838879
1983.15   0.0328117   0.2840455
1983.20   0.0329319   0.2842022
1983.25   0.0330516   0.2843582
1983.30   0.0331708   0.2845135
1983.35   0.0332894   0.2846681
1983.40   0.0334076   0.2848220
1983.45   0.0335251   0.2849753
1983.50   0.0336421   0.2851280
1983.55   0.0337584   0.2852802
1983.60   0.0338742   0.2854319
1983.65   0.0339893   0.2855831
1983.70   0.0341037   0.2857339
1983.75   0.0342175   0.2858843
1983.80   0.0343306   0.2860343
1983.85   0.0344429   0.2861840
1983.90   0.0345546   0.2863335
1983.95   0.0346654   0.2864827
1984.00   0.0347756   0.2866317
1984.05   0.0348849   0.2867805
1984.10   0.0349934   0.2869292
1984.15   0.0351012   0.2870779
1984.20   0.0352081   0.2872264
1984.25   0.0353141   0.2873750
1984.30   0.0354194   0.2875236
1984.35   0.0355237   0.2876722
1984.40   0.0356271   0.2878210
1984.45   0.0357297   0.2879698
1984.50   0.0358313   0.2881189
1984.55   0.0359320   0.2882682
1984.60   0.0360318   0.2884177
1984.65   0.0361306   0.2885675
1984.70   0.0362284   0.2887175
1984.75   0.0363253   0.2888680
1984.80   0.0364212   0.2890188
1984.85   0.0365161   0.2891701
1984.90   0.0366099   0.2893218
1984.95   0.0367028   0.2894739
1985.00   0.0367946   0.2896266
1985.05   0.0368853   0.2897799
1985.10   0.0369751   0.2899337
1985.15   0.0370637   0.2900881
1985.20   0.0371513   0.2902432
1985.25   0.0372378   0.2903989
1985.30   0.0373232   0.2905554
1985.35   0.0374076   0.2907125
1985.40   0.0374908   0.2908704
1985.45   0.0375729   0.2910291
1985.50   0.0376539   0.2911886
1985.55   0.0377338   0.2913489
1985.60   0.0378126   0.2915101
1985.65   0.0378902   0.2916722
1985.70   0.0379667   0.2918351
1985.75   0.0380420   0.2919990
1985.80   0.0381162   0.2921638
1985.85   0.0381893   0.2923296
1985.90   0.0382612   0.2924964
1985.95   0.0383319   0.2926641
1986.00   0.0384015   0.2928329
1986.05   0.0384699   0.2930028
1986.10   0.0385372   0.2931737
1986.15   0.0386032   0.2933456
1986.20   0.0386681   0.2935187
1986.25   0.0387319   0.2936928
1986.30   0.0387944   0.2938681
1986.35   0.0388558   0.2940444
1986.40   0.0389161   0.2942219
1986.45   0.0389751   0.2944006
1986.50   0.0390330   0.2945804
1986.55   0.0390897   0.2947614
1986.60   0.0391452   0.2949435
1986.65   0.0391996   0.2951268
1986.70   0.0392527   0.2953113
1986.75   0.0393047   0.2954970
1986.80   0.0393556   0.2956839
1986.85   0.0394053   0.2958719
1986.90   0.0394538   0.2960612
1986.95   0.0395011   0.2962516
1987.00   0.0395473   0.2964432
1987.05   0.0395923   0.2966361
1987.10   0.0396362   0.2968301
1987.15   0.0396790   0.2970253
1987.20   0.0397205   0.2972217
1987.25   0.0397610   0.2974193
1987.30   0.0398003   0.2976180
1987.35   0.0398384   0.2978179
1987.40   0.0398755   0.2980190
1987.45   0.0399114   0.2982212
1987.50   0.0399462   0.2984246
1987.55   0.0399799   0.2986291
1987.60   0.0400124   0.2988348
1987.65   0.0400439   0.2990415
1987.70   0.0400742   0.2992494
1987.75   0.0401035   0.2994583
1987.80   0.0401317   0.2996683
1987.85   0.0401588   0.2998794
1987.90   0.0401848   0.3000915
1987.95   0.0402097   0.3003047
1988.00   0.0402336   0.3005188
1988.05   0.0402564   0.3007340
1988.10   0.0402782   0.3009501
1988.15   0.0402989   0.3011672
1988.20   0.0403186   0.3013853
1988.25   0.0403373   0.3016042
1988.30   0.0403549   0.3018241
1988.35   0.0403716   0.3020448
1988.40   0.0403872   0.3022664
1988.45   0.0404018   0.3024889
1988.50   0.0404154   0.3027121
1988.55   0.0404281   0.3029361
1988.60   0.0404397   0.3031609
1988.65   0.0404504   0.3033865
1988.70   0.0404602   0.3036127
1988.75   0.0404690   0.3038397
1988.80   0.0404768   0.3040673
1988.85   0.0404837   0.3042955
1988.90   0.0404897   0.3045244
1988.95   0.0404948   0.3047538
1989.00   0.0404989   0.3049838
1989.05   0.0405022   0.3052143
1989.10   0.0405046   0.3054453
1989.15   0.0405061   0.3056768
1989.20   0.0405067   0.3059087
1989.25   0.0405065   0.3061411
1989.30   0.0405055   0.3063738
1989.35   0.0405035   0.3066069
1989.40   0.0405008   0.3068403
1989.45   0.0404973   0.3070739
1989.50   0.0404929   0.3073079
1989.55   0.0404877   0.3075421
1989.60   0.0404818   0.3077765
1989.65   0.0404751   0.3080110
1989.70   0.0404676   0.3082457
1989.75   0.0404594   0.3084805
1989.80   0.0404504   0.3087154
1989.85   0.0404407   0.3089503
1989.90   0.0404302   0.3091852
1989.95   0.0404191   0.3094201
1990.00   0.0404073   0.3096550
1990.05   0.0403948   0.3098898
1990.10   0.0403816   0.3101244
1990.15   0.0403678   0.3103589
1990.20   0.0403533   0.3105933
1990.25   0.0403382   0.3108274
1990.30   0.0403224   0.3110613
1990.35   0.0403061   0.3112949
1990.40   0.0402891   0.3115282
1990.45   0.0402716   0.3117612
1990.50   0.0402535   0.3119938
1990.55   0.0402349   0.3122260
1990.60   0.0402157   0.3124578
1990.65   0.0401960   0.3126891
1990.70   0.0401758   0.3129200
1990.75   0.0401551   0.3131503
1990.80   0.0401339   0.3133801
1990.85   0.0401123   0.3136093
1990.90   0.0400902   0.3138378
1990.95   0.0400676   0.3140658
1991.00   0.0400447   0.3142930
1991.05   0.0400213   0.3145196
1991.10   0.0399976   0.3147455
1991.15   0.0399734   0.3149706
1991.20   0.0399489   0.3151949
1991.25   0.0399241   0.3154184
1991.30   0.0398989   0.3156411
1991.35   0.0398735   0.3158629
1991.40   0.0398477   0.3160838
1991.45   0.0398216   0.3163038
1991.50   0.0397953   0.3165229
1991.55   0.0397688   0.3167409
1991.60   0.0397420   0.3169580
1991.65   0.0397150   0.3171741
1991.70   0.0396879   0.3173892
1991.75   0.0396605   0.3176032
1991.80   0.0396330   0.3178160
1991.85   0.0396054   0.3180278
1991.90   0.0395776   0.3182385
1991.95   0.0395497   0.3184480
1992.00   0.0395218   0.3186563
1992.05   0.0394937   0.3188634
1992.10   0.0394657   0.3190693
1992.15   0.0394376   0.3192739
1992.20   0.0394094   0.3194773
1992.25   0.0393813   0.3196795
1992.30   0.0393532   0.3198803
1992.35   0.0393252   0.3200798
1992.40   0.0392972   0.3202780
1992.45   0.0392693   0.3204748
1992.50   0.0392415   0.3206703
1992.55   0.0392138   0.3208644
1992.60   0.0391863   0.3210571
1992.65   0.0391589   0.3212484
1992.70   0.0391317   0.3214383
1992.75   0.0391046   0.3216267
1992.80   0.0390778   0.3218137
1992.85   0.0390512   0.3219992
1992.90   0.0390249   0.3221832
1992.95   0.0389988   0.3223658
1993.00   0.0389731   0.3225468
1993.05   0.0389476   0.3227264
1993.10   0.0389225   0.3229045
1993.15   0.0388977   0.3230810
1993.20   0.0388732   0.3232560
1993.25   0.0388492   0.3234294
1993.30   0.0388255   0.3236013
1993.35   0.0388023   0.3237717
1993.40   0.0387795   0.3239405
1993.45   0.0387571   0.3241077
1993.50   0.0387353   0.3242734
1993.55   0.0387139   0.3244375
1993.60   0.0386930   0.3246000
1993.65   0.0386726   0.3247609
1993.70   0.0386528   0.3249203
1993.75   0.0386336   0.3250781
1993.80   0.0386149   0.3252343
1993.85   0.0385968   0.3253889
1993.90   0.0385794   0.3255419
1993.95   0.0385625   0.3256934
1994.00   0.0385463   0.3258433
1994.05   0.0385308   0.3259916
1994.10   0.0385160   0.3261383
1994.15   0.0385018   0.3262835
1994.20   0.0384883   0.3264271
1994.25   0.0384756   0.3265691
1994.30   0.0384636   0.3267096
1994.35   0.0384524   0.3268485
1994.40   0.0384419   0.3269859
1994.45   0.0384322   0.3271218
1994.50   0.0384234   0.3272561
1994.55   0.0384153   0.3273889
1994.60   0.0384080   0.3275202
1994.65   0.0384016   0.3276500
1994.70   0.0383961   0.3277783
1994.75   0.0383914   0.3279051
1994.80   0.0383876   0.3280304
1994.85   0.0383846   0.3281543
1994.90   0.0383826   0.3282768
1994.95   0.0383815   0.3283978
1995.00   0.0383813   0.3285173
1995.05   0.0383821   0.3286355
1995.10   0.0383837   0.3287523
1995.15   0.0383864   0.3288677
1995.20   0.0383900   0.3289817
1995.25   0.0383946   0.3290943
1995.30   0.0384002   0.3292057
1995.35   0.0384067   0.3293157
1995.40   0.0384143   0.3294244
1995.45   0.0384229   0.3295318
1995.50   0.0384325   0.3296380
1995.55   0.0384431   0.3297429
1995.60   0.0384547   0.3298466
1995.65   0.0384674   0.3299490
1995.70   0.0384812   0.3300503
1995.75   0.0384960   0.3301504
1995.80   0.0385118   0.3302493
1995.85   0.0385287   0.3303471
1995.90   0.0385467   0.3304438
1995.95   0.0385658   0.3305394
1996.00   0.0385859   0.3306339
1996.05   0.0386071   0.3307273
1996.10   0.0386294   0.3308198
1996.15   0.0386528   0.3309112
1996.20   0.0386773   0.3310016
1996.25   0.0387029   0.3310911
1996.30   0.0387295   0.3311796
1996.35   0.0387573   0.3312672
1996.40   0.0387862   0.3313539
1996.45   0.0388162   0.3314398
1996.50   0.0388472   0.3315247
1996.55   0.0388794   0.3316089
1996.60   0.0389127   0.3316922
1996.65   0.0389471   0.3317748
1996.70   0.0389826   0.3318566
1996.75   0.0390192   0.3319377
1996.80   0.0390568   0.3320181
1996.85   0.0390956   0.3320978
1996.90   0.0391355   0.3321768
1996.95   0.0391765   0.3322552
1997.00   0.0392186   0.3323330
1997.05   0.0392617   0.3324101
1997.10   0.0393060   0.3324868
1997.15   0.0393513   0.3325628
1997.20   0.0393977   0.3326384
1997.25   0.0394452   0.3327135
1997.30   0.0394938   0.3327881
1997.35   0.0395434   0.3328622
1997.40   0.0395941   0.3329360
1997.45   0.0396459   0.3330093
1997.50   0.0396987   0.3330823
1997.55   0.0397525   0.3331549
1997.60   0.0398074   0.3332272
1997.65   0.0398634   0.3332992
1997.70   0.0399203   0.3333708
1997.75   0.0399783   0.3334423
1997.80   0.0400374   0.3335135
1997.85   0.0400974   0.3335845
1997.90   0.0401584   0.3336553
1997.95   0.0402204   0.3337259
1998.00   0.0402834   0.3337964
1998.05   0.0403474   0.3338667
1998.10   0.0404124   0.3339369
1998.15   0.0404784   0.3340071
1998.20   0.0405453   0.3340772
1998.25   0.0406131   0.3341472
1998.30   0.0406819   0.3342172
1998.35   0.0407516   0.3342872
1998.40   0.0408223   0.3343573
1998.45   0.0408939   0.3344273
1998.50   0.0409664   0.3344974
1998.55   0.0410398   0.3345676
1998.60   0.0411141   0.3346378
1998.65   0.0411893   0.3347082
1998.70   0.0412653   0.3347786
1998.75   0.0413422   0.3348492
1998.80   0.0414200   0.3349200
1998.85   0.0414987   0.3349909
1998.90   0.0415782   0.3350620
1998.95   0.0416585   0.3351333
1999.00   0.0417396   0.3352048
1999.05   0.0418216   0.3352765
1999.10   0.0419043   0.3353484
1999.15   0.0419879   0.3354206
1999.20   0.0420723   0.3354931
1999.25   0.0421574   0.3355658
1999.30   0.0422433   0.3356388
1999.35   0.0423300   0.3357121
1999.40   0.0424175   0.3357857
1999.45   0.0425056   0.3358595
1999.50   0.0425946   0.3359338
1999.55   0.0426843   0.3360083
1999.60   0.0427747   0.3360831
1999.65   0.0428658   0.3361583
1999.70   0.0429576   0.3362339
1999.75   0.0430502   0.3363098
1999.80   0.0431434   0.3363860
1999.85   0.0432373   0.3364626
1999.90   0.0433320   0.3365396
1999.95   0.0434273   0.3366170
2000.00   0.0435233   0.3366947
2000.05   0.0436199   0.3367727
2000.10   0.0437172   0.3368512
2000.15   0.0438152   0.3369300
2000.20   0.0439138   0.3370092
2000.25   0.0440131   0.3370888
2000.30   0.0441130   0.3371687
2000.35   0.0442135   0.3372490
2000.40   0.0443147   0.3373297
2000.45   0.0444166   0.3374107
2000.50   0.0445190   0.3374921
2000.55   0.0446221   0.3375739
2000.60   0.0447258   0.3376560
2000.65   0.0448301   0.3377384
2000.70   0.0449351   0.3378212
2000.75   0.0450406   0.3379043
2000.80   0.0451468   0.3379878
2000.85   0.0452536   0.3380715
2000.90   0.0453610   0.3381556
2000.95   0.0454690   0.3382400
2001.00   0.0455777   0.3383247
2001.05   0.0456869   0.3384096
2001.10   0.0457968   0.3384948
2001.15   0.0459073   0.3385803
2001.20   0.0460184   0.3386660
2001.25   0.0461301   0.3387520
2001.30   0.0462424   0.3388382
2001.35   0.0463554   0.3389246
2001.40   0.0464690   0.3390112
2001.45   0.0465832   0.3390980
2001.50   0.0466981   0.3391849
2001.55   0.0468136   0.3392720
2001.60   0.0469298   0.3393593
2001.65   0.0470466   0.3394466
2001.70   0.0471640   0.3395341
2001.75   0.0472821   0.3396216
2001.80   0.0474009   0.3397093
2001.85   0.0475204   0.3397969
2001.90   0.0476405   0.3398846
2001.95   0.0477614   0.3399724
2002.00   0.0478829   0.3400601
2002.05   0.0480051   0.3401478
2002.10   0.0481280   0.3402354
2002.15   0.0482517   0.3403230
2002.20   0.0483761   0.3404105
2002.25   0.0485012   0.3404979
2002.30   0.0486270   0.3405852
2002.35   0.0487536   0.3406724
2002.40   0.0488810   0.3407593
2002.45   0.0490092   0.3408461
2002.50   0.0491381   0.3409327
2002.55   0.0492678   0.3410190
2002.60   0.0493984   0.3411051
2002.65   0.0495297   0.3411909
2002.70   0.0496619   0.3412764
2002.75   0.0497949   0.3413616
2002.80   0.0499288   0.3414465
2002.85   0.0500636   0.3415310
2002.90   0.0501992   0.3416151
2002.95   0.0503357   0.3416988
2003.00   0.0504731   0.3417820
2003.05   0.0506114   0.3418648
2003.10   0.0507507   0.3419471
2003.15   0.0508909   0.3420290
2003.20   0.0510320   0.3421103
2003.25   0.0511741   0.3421910
2003.30   0.0513172   0.3422712
2003.35   0.0514613   0.3423508
2003.40   0.0516064   0.3424298
2003.45   0.0517525   0.3425081
2003.50   0.0518996   0.3425858
2003.55   0.0520478   0.3426628
2003.60   0.0521970   0.3427391
2003.65   0.0523473   0.3428147
2003.70   0.0524987   0.3428895
2003.75   0.0526511   0.3429636
2003.80   0.0528047   0.3430369
2003.85   0.0529594   0.3431094
2003.90   0.0531152   0.3431811
2003.95   0.0532722   0.3432519
2004.00   0.0534303   0.3433219
2004.05   0.0535896   0.3433910
2004.10   0.0537501   0.3434592
2004.15   0.0539118   0.3435265
2004.20   0.0540746   0.3435928
2004.25   0.0542387   0.3436582
2004.30   0.0544040   0.3437227
2004.35   0.0545706   0.3437861
2004.40   0.0547383   0.3438486
2004.45   0.0549073   0.3439100
2004.50   0.0550776   0.3439705
2004.55   0.0552492   0.3440298
2004.60   0.0554220   0.3440882
2004.65   0.0555961   0.3441455
2004.70   0.0557715   0.3442017
2004.75   0.0559483   0.3442568
2004.80   0.0561263   0.3443108
2004.85   0.0563056   0.3443637
2004.90   0.0564863   0.3444155
2004.95   0.0566682   0.3444662
2005.00   0.0568515   0.3445157
2005.05   0.0570362   0.3445641
2005.10   0.0572222   0.3446114
2005.15   0.0574095   0.3446575
2005.20   0.0575981   0.3447024
2005.25   0.0577881   0.3447462
2005.30   0.0579795   0.3447889
2005.35   0.0581722   0.3448303
2005.40   0.0583663   0.3448706
2005.45   0.0585617   0.3449097
2005.50   0.0587584   0.3449477
2005.55   0.0589565   0.3449845
2005.60   0.0591559   0.3450201
2005.65   0.0593567   0.3450546
2005.70   0.0595588   0.3450879
2005.75   0.0597623   0.3451200
2005.80   0.0599671   0.3451510
2005.85   0.0601732   0.3451808
2005.90   0.0603806   0.3452095
2005.95   0.0605894   0.3452370
2006.00   0.0607994   0.3452635
2006.05   0.0610108   0.3452888
2006.10   0.0612234   0.3453130
2006.15   0.0614374   0.3453361
2006.20   0.0616526   0.3453581
2006.25   0.0618690   0.3453790
2006.30   0.0620867   0.3453989
2006.35   0.0623057   0.3454177
2006.40   0.0625259   0.3454355
2006.45   0.0627473   0.3454522
2006.50   0.0629699   0.3454680
2006.55   0.0631937   0.3454828
2006.60   0.0634187   0.3454966
2006.65   0.0636448   0.3455094
2006.70   0.0638721   0.3455213
2006.75   0.0641005   0.3455323
2006.80   0.0643301   0.3455424
2006.85   0.0645607   0.3455516
2006.90   0.0647924   0.3455600
2006.95   0.0650252   0.3455675
2007.00   0.0652590   0.3455742
2007.05   0.0654938   0.3455802
2007.10   0.0657297   0.3455853
2007.15   0.0659665   0.3455898
2007.20   0.0662043   0.3455935
2007.25   0.0664431   0.3455966
2007.30   0.0666827   0.3455990
2007.35   0.0669233   0.3456008
2007.40   0.0671647   0.3456019
2007.45   0.0674070   0.3456025
2007.50   0.0676501   0.3456026
2007.55   0.0678941   0.3456021
2007.60   0.0681388   0.3456011
2007.65   0.0683843   0.3455997
2007.70   0.0686306   0.3455979
2007.75   0.0688775   0.3455957
2007.80   0.0691252   0.3455931
2007.85   0.0693735   0.3455901
2007.90   0.0696224   0.3455869
2007.95   0.0698720   0.3455834
2008.00   0.0701222   0.3455797
2008.05   0.0703729   0.3455757
2008.10   0.0706242   0.3455716
2008.15   0.0708759   0.3455674
2008.20   0.0711282   0.3455631
2008.25   0.0713810   0.3455586
2008.30   0.0716342   0.3455542
2008.35   0.0718878   0.3455497
2008.40   0.0721418   0.3455453
2008.45   0.0723961   0.3455409
2008.50   0.0726508   0.3455366
2008.55   0.0729058   0.3455325
2008.60   0.0731611   0.3455285
2008.65   0.0734167   0.3455248
2008.70   0.0736724   0.3455212
2008.75   0.0739284   0.3455179
2008.80   0.0741846   0.3455149
2008.85   0.0744410   0.3455123
2008.90   0.0746975   0.3455100
2008.95   0.0749541   0.3455081
2009.00   0.0752108   0.3455066
2009.05   0.0754675   0.3455056
2009.10   0.0757243   0.3455051
2009.15   0.0759812   0.3455051
2009.20   0.0762380   0.3455057
2009.25   0.0764948   0.3455068
2009.30   0.0767515   0.3455085
2009.35   0.0770082   0.3455109
2009.40   0.0772648   0.3455140
2009.45   0.0775213   0.3455178
2009.50   0.0777776   0.3455223
2009.55   0.0780338   0.3455275
2009.60   0.0782899   0.3455336
2009.65   0.0785457   0.3455404
2009.70   0.0788013   0.3455481
2009.75   0.0790567   0.3455566
2009.80   0.0793119   0.3455661
2009.85   0.0795668   0.3455764
2009.90   0.0798214   0.3455877
2009.95   0.0800757   0.3455999
2010.00   0.0803297   0.3456131
2010.05   0.0805834   0.3456273
2010.10   0.0808368   0.3456425
2010.15   0.0810898   0.3456587
2010.20   0.0813424   0.3456760
2010.25   0.0815946   0.3456944
2010.30   0.0818465   0.3457138
2010.35   0.0820979   0.3457344
2010.40   0.0823489   0.3457561
2010.45   0.0825995   0.3457789
2010.50   0.0828497   0.3458028
2010.55   0.0830994   0.3458279
2010.60   0.0833487   0.3458542
2010.65   0.0835975   0.3458817
2010.70   0.0838458   0.3459103
2010.75   0.0840936   0.3459402
2010.80   0.0843410   0.3459712
2010.85   0.0845879   0.3460035
2010.90   0.0848342   0.3460370
2010.95   0.0850801   0.3460717
2011.00   0.0853254   0.3461076
2011.05   0.0855703   0.3461448
2011.10   0.0858146   0.3461832
2011.15   0.0860584   0.3462228
2011.20   0.0863017   0.3462636
2011.25   0.0865445   0.3463057
2011.30   0.0867867   0.3463490
2011.35   0.0870285   0.3463935
2011.40   0.0872697   0.3464393
2011.45   0.0875103   0.3464863
2011.50   0.0877505   0.3465344
2011.55   0.0879901   0.3465838
2011.60   0.0882292   0.3466344
2011.65   0.0884678   0.3466861
2011.70   0.0887059   0.3467390
2011.75   0.0889435   0.3467931
2011.80   0.0891806   0.3468483
2011.85   0.0894171   0.3469047
2011.90   0.0896532   0.3469622
2011.95   0.0898888   0.3470208
2012.00   0.0901239   0.3470805
2012.05   0.0903584   0.3471413
2012.10   0.0905926   0.3472031
2012.15   0.0908262   0.3472660
2012.20   0.0910594   0.3473299
2012.25   0.0912921   0.3473949
2012.30   0.0915244   0.3474608
2012.35   0.0917562   0.3475276
2012.40   0.0919876   0.3475955
2012.45   0.0922186   0.3476642
2012.50   0.0924491   0.3477338
2012.55   0.0926793   0.3478044
2012.60   0.0929090   0.3478757
2012.65   0.0931384   0.3479479
2012.70   0.0933673   0.3480209
2012.75   0.0935959   0.3480947
2012.80   0.0938241   0.3481692
2012.85   0.0940520   0.3482444
2012.90   0.0942795   0.3483204
2012.95   0.0945066   0.3483970
2013.00   0.0947335   0.3484742
2013.05   0.0949600   0.3485520
2013.10   0.0951862   0.3486305
2013.15   0.0954121   0.3487095
2013.20   0.0956378   0.3487890
2013.25   0.0958631   0.3488689
2013.30   0.0960882   0.3489494
2013.35   0.0963130   0.3490303
2013.40   0.0965376   0.3491116
2013.45   0.0967619   0.3491932
2013.50   0.0969860   0.3492752
2013.55   0.0972099   0.3493575
2013.60   0.0974335   0.3494401
2013.65   0.0976570   0.3495229
2013.70   0.0978803   0.3496059
2013.75   0.0981033   0.3496891
2013.80   0.0983263   0.3497725
2013.85   0.0985490   0.3498560
2013.90   0.0987716   0.3499395
2013.95   0.0989940   0.3500232
2014.00   0.0992163   0.3501068
2014.05   0.0994385   0.3501905
2014.10   0.0996606   0.3502741
2014.15   0.0998825   0.3503576
2014.20   0.1001043   0.3504411
2014.25   0.1003260   0.3505244
2014.30   0.1005476   0.3506076
2014.35   0.1007692   0.3506906
2014.40   0.1009906   0.3507734
2014.45   0.1012120   0.3508559
2014.50   0.1014333   0.3509382
2014.55   0.1016545   0.3510201
2014.60   0.1018757   0.3511018
2014.65   0.1020968   0.3511831
2014.70   0.1023179   0.3512640
2014.75   0.1025389   0.3513445
2014.80   0.1027599   0.3514246
2014.85   0.1029809   0.3515043
2014.90   0.1032018   0.3515834
2014.95   0.1034226   0.3516621
2015.00   0.1036435   0.3517402
2015.05   0.1038643   0.3518178
2015.10   0.1040851   0.3518949
2015.15   0.1043058   0.3519713
2015.20   0.1045266   0.3520472
2015.25   0.1047473   0.3521224
2015.30   0.1049680   0.3521970
2015.35   0.1051886   0.3522709
2015.40   0.1054093   0.3523441
2015.45   0.1056299   0.3524167
2015.50   0.1058505   0.3524885
2015.55   0.1060710   0.3525596
2015.60   0.1062915   0.3526299
2015.65   0.1065120   0.3526995
2015.70   0.1067325   0.3527684
2015.75   0.1069529   0.3528364
2015.80   0.1071733   0.3529037
2015.85   0.1073936   0.3529702
2015.90   0.1076138   0.3530358
2015.95   0.1078341   0.3531006
2016.00   0.1080542   0.3531646
2016.05   0.1082743   0.3532278
2016.10   0.1084943   0.3532901
2016.15   0.1087142   0.3533516
2016.20   0.1089341   0.3534122
2016.25   0.1091538   0.3534720
2016.30   0.1093735   0.3535309
2016.35   0.1095930   0.3535889
2016.40   0.1098124   0.3536461
2016.45   0.1100317   0.3537024
2016.50   0.1102509   0.3537578
2016.55   0.1104699   0.3538124
2016.60   0.1106888   0.3538661
2016.65   0.1109075   0.3539190
2016.70   0.1111260   0.3539710
2016.75   0.1113443   0.3540221
2016.80   0.1115625   0.3540724
2016.85   0.1117804   0.3541219
2016.90   0.1119982   0.3541705
2016.95   0.1122157   0.3542183
2017.00   0.1124330   0.3542652
2017.05   0.1126500   0.3543113
2017.10   0.1128667   0.3543567
2017.15   0.1130832   0.3544012
2017.20   0.1132994   0.3544449
2017.25   0.1135153   0.3544879
2017.30   0.1137309   0.3545300
2017.35   0.1139461   0.3545714
2017.40   0.1141611   0.3546121
2017.45   0.1143756   0.3546520
2017.50   0.1145898   0.3546913
2017.55   0.1148036   0.3547298
2017.60   0.1150170   0.3547676
2017.65   0.1152300   0.3548047
2017.70   0.1154426   0.3548412
2017.75   0.1156547   0.3548770
2017.80   0.1158664   0.3549122
2017.85   0.1160776   0.3549467
2017.90   0.1162883   0.3549807
2017.95   0.1164986   0.3550141
2018.00   0.1167083   0.3550469
2018.05   0.1169175   0.3550792
2018.10   0.1171261   0.3551109
2018.15   0.1173342   0.3551421
2018.20   0.1175417   0.3551728
2018.25   0.1177486   0.3552031
2018.30   0.1179549   0.3552329
2018.35   0.1181606   0.3552622
2018.40   0.1183656   0.3552912
2018.45   0.1185700   0.3553197
2018.50   0.1187737   0.3553479
2018.55   0.1189767   0.3553757
2018.60   0.1191791   0.3554032
2018.65   0.1193807   0.3554303
2018.70   0.1195816   0.3554571
2018.75   0.1197818   0.3554837
2018.80   0.1199812   0.3555100
2018.85   0.1201798   0.3555361
2018.90   0.1203776   0.3555619
2018.95   0.1205747   0.3555876
2019.00   0.1207709   0.3556131
2019.05   0.1209663   0.3556384
2019.10   0.1211608   0.3556636
2019.15   0.1213545   0.3556886
2019.20   0.1215473   0.3557136
2019.25   0.1217393   0.3557385
2019.30   0.1219303   0.3557633
2019.35   0.1221204   0.3557881
2019.40   0.1223096   0.3558129
2019.45   0.1224979   0.3558376
2019.50   0.1226852   0.3558624
2019.55   0.1228715   0.3558872
2019.60   0.1230569   0.3559121
2019.65   0.1232412   0.3559371
2019.70   0.1234246   0.3559621
2019.75   0.1236070   0.3559873
2019.80   0.1237884   0.3560126
2019.85   0.1239687   0.3560381
2019.90   0.1241480   0.3560637
2019.95   0.1243262   0.3560895
2020.00   0.1245033   0.3561155
2020.05   0.1246794   0.3561417
2020.10   0.1248544   0.3561681
2020.15   0.1250284   0.3561948
2020.20   0.1252012   0.3562218
2020.25   0.1253729   0.3562490
2020.30   0.1255435   0.3562765
2020.35   0.1257130   0.3563044
2020.40   0.1258813   0.3563325
2020.45   0.1260485   0.3563611
2020.50   0.1262146   0.3563899
2020.55   0.1263795   0.3564191
2020.60   0.1265433   0.3564487
2020.65   0.1267058   0.3564787
2020.70   0.1268673   0.3565091
2020.75   0.1270275   0.3565399
2020.80   0.1271866   0.3565711
2020.85   0.1273445   0.3566028
2020.90   0.1275012   0.3566349
2020.95   0.1276567   0.3566675
2021.00   0.1278110   0.3567006
2021.05   0.1279641   0.3567341
2021.10   0.1281160   0.3567681
2021.15   0.1282667   0.3568026
2021.20   0.1284162   0.3568376
2021.25   0.1285645   0.3568732
2021.30   0.1287116   0.3569092
2021.35   0.1288574   0.3569458
2021.40   0.1290021   0.3569830
2021.45   0.1291455   0.3570207
2021.50   0.1292878   0.3570589
2021.55   0.1294288   0.3570977
2021.60   0.1295686   0.3571370
2021.65   0.1297072   0.3571769
2021.70   0.1298446   0.3572174
2021.75   0.1299808   0.3572585
2021.80   0.1301158   0.3573002
2021.85   0.1302496   0.3573424
2021.90   0.1303821   0.3573853
2021.95   0.1305135   0.3574287
2022.00   0.1306437   0.3574728
2022.05   0.1307727   0.3575174
2022.10   0.1309005   0.3575626
2022.15   0.1310271   0.3576085
2022.20   0.1311525   0.3576550
2022.25   0.1312768   0.3577020
2022.30   0.1313998   0.3577497
2022.35   0.1315218   0.3577980
2022.40   0.1316425   0.3578469
2022.45   0.1317621   0.3578965
2022.50   0.1318805   0.3579466
2022.55   0.1319978   0.3579974
2022.60   0.1321140   0.3580487
2022.65   0.1322290   0.3581007
2022.70   0.1323429   0.3581533
2022.75   0.1324556   0.3582065
2022.80   0.1325673   0.3582604
2022.85   0.1326778   0.3583148
2022.90   0.1327873   0.3583699
2022.95   0.1328956   0.3584255
2023.00   0.1330029   0.3584818
2023.05   0.1331091   0.3585386
2023.10   0.1332142   0.3585961
2023.15   0.1333183   0.3586542
2023.20   0.1334213   0.3587128
2023.25   0.1335233   0.3587720
2023.30   0.1336242   0.3588319
2023.35   0.1337241   0.3588923
2023.40   0.1338230   0.3589533
2023.45   0.1339209   0.3590149
2023.50   0.1340177   0.3590770
2023.55   0.1341136   0.3591397
2023.60   0.1342085   0.3592030
2023.65   0.1343025   0.3592668
2023.70   0.1343955   0.3593312
2023.75   0.1344875   0.3593962
2023.80   0.1345786   0.3594617
2023.85   0.1346687   0.3595277
2023.90   0.1347579   0.3595943
2023.95   0.1348463   0.3596613
2024.00   0.1349337   0.3597290
2024.05   0.1350202   0.3597971
2024.10   0.1351058   0.3598658
2024.15   0.1351906   0.3599349
2024.20   0.1352745   0.3600046
2024.25   0.1353576   0.3600748
2024.30   0.1354398   0.3601454
2024.35   0.1355212   0.3602165
2024.40   0.1356018   0.3602882
2024.45   0.1356815   0.3603603
2024.50   0.1357605   0.3604328
2024.55   0.1358387   0.3605058
2024.60   0.1359161   0.3605793
2024.65   0.1359927   0.3606532
2024.70   0.1360686   0.3607276
2024.75   0.1361437   0.3608024
2024.80   0.1362181   0.3608776
2024.85   0.1362918   0.3609532
2024.90   0.1363647   0.3610293
2024.95   0.1364370   0.3611058
2025.00   0.1365086   0.3611826
2025.05   0.1365794   0.3612599
2025.10   0.1366497   0.3613375
2025.15   0.1367192   0.3614156
2025.20   0.1367881   0.3614940
2025.25   0.1368564   0.3615728
2025.30   0.1369240   0.3616519
2025.35   0.1369910   0.3617314
2025.40   0.1370574   0.3618112
2025.45   0.1371232   0.3618914
2025.50   0.1371885   0.3619719
2025.55   0.1372531   0.3620528
2025.60   0.1373172   0.3621339
2025.65   0.1373807   0.3622154
2025.70   0.1374436   0.3622972
2025.75   0.1375061   0.3623793
